y_train,y_train_pred
-1.717285971428571,-1.6828579860830484
-1.395254311111111,-1.5856246113637482
-0.6280922714285714,-1.1540742459965836
-2.205606085714286,-2.02982659145408
-1.127860116666666,-1.4165961028069758
-1.674829178571428,-1.8342303589260622
-2.990996057142858,-2.983818380933483
-0.9883333428571431,-0.8197383139668185
-2.376731585714285,-2.361100608611084
-2.18345245,-2.111040472575999
-0.3987697595238089,-0.44439935151364013
-2.320057307142858,-2.2583405591179444
-0.1478143904761906,-0.6514502824452618
-1.529800578571429,-1.7587988353606154
-1.368692585714286,-1.1353567261741009
-2.717775664285714,-2.8520880911590396
-2.317474485714285,-1.8625031020507448
-2.93338995,-3.1063916006110905
-1.434867535714285,-1.4381528453915362
-0.7842859857142861,-0.9799526863585317
-2.457353414285715,-2.483194397522033
-3.298177821428572,-3.171989409468099
-2.1110481,-2.0203410123500944
-2.041716999999999,-1.897689379456865
-2.618200664285715,-2.4836475894455567
-2.047672538095238,-2.0584786022415975
-2.367198442857143,-1.9226576310749894
-1.7176717,-1.9812240202702205
-0.5286629071428567,-0.4579522745024939
-1.444708192857143,-1.4195907199791487
-3.320916314285715,-3.2935849122779532
-1.545348961904761,-1.5755379516544687
-0.6717928642857137,-1.0617016918989284
-2.819187021428572,-2.665973908687562
-0.9447742476190472,-0.8562665913775808
-0.303995921428571,-0.5311282585997987
-2.737626328571427,-2.5511010974117387
-1.308365557142857,-1.4585752825871021
-1.276905057142857,-1.6788908273298069
-2.267159961904762,-2.133146188782683
-2.431820307142858,-2.5694578032868454
-3.312503914285714,-3.097505205149605
-1.081507878571429,-0.7522474346117098
-1.174393342857143,-1.4543371074559253
-2.000543628571428,-1.9606072334006204
-1.59863550952381,-1.7337471604555592
-0.5308313364285715,-0.5244896589082557
-1.104940821428571,-1.0384074660081373
-1.495203171428572,-1.6393624898178616
-0.7832281642857148,-0.8056680963755787
-3.071311707142857,-3.075541019392867
-2.488406128571429,-2.3102407992638865
-0.9123690214285719,-0.9535101900829784
-1.270530378571428,-1.2595120479192878
-2.066884021428572,-2.0237795745282736
-1.326804318226601,-1.5997075527123705
-1.610197116666667,-1.6103713497451384
-2.505608789285714,-2.5495452132495675
-0.3052504500000011,-0.37055524885632857
-1.110061014285714,-1.1162008610637046
-1.931723378571429,-1.9523925308895718
-1.008418199999999,-1.049708606508856
-0.791353688095238,-0.659237701589525
-1.762847271428572,-1.5002399697543196
-2.870800778571428,-2.6407586838715225
-0.7249970142857143,-0.5889324496109436
-2.975003043650794,-2.952720215867438
-1.013715771428572,-1.1547593870062143
-1.462523592857143,-1.5787392795285558
-0.8541615785714279,-0.9109790100366232
-2.056911892857142,-1.8411094404508601
-2.799443692857143,-2.6510354269941305
-1.459292530541872,-1.7683908722706547
-0.6151530571428572,-0.997926513052734
0.11263305,-0.1480145956110361
-2.016043035714286,-1.7344600937963826
-1.66996875,-1.7674026843134363
-2.269933164285714,-2.1277340153970057
-0.4012420571428577,-0.732003895549373
-2.706357199999999,-2.866883226570613
-2.399738378571429,-2.041737680656511
-1.135261485714286,-1.2440859961079025
-1.41229900952381,-1.544752642585756
-1.62210462063492,-1.5859420264269537
-2.563641807142857,-2.6227703509797604
-1.425765378571429,-1.5262692669078317
-0.8877937142857141,-1.098938281738712
-1.761158628571428,-1.668905404357701
-0.7473267000000006,-1.471963778345829
-1.206955985714285,-1.2567867611700214
-1.985597164285714,-1.9360169699309804
-1.475817271428572,-1.3400623339044928
-2.010640682142857,-2.017051196980907
-2.729499950000001,-2.819984063046867
-0.9071310023809522,-1.0599101371232684
-2.248763442857143,-2.244475514174917
-0.8056017892857135,-1.052788781091595
-0.7958606364285714,-0.5720087535012468
-0.9562567285714282,-1.153759462228355
-2.957900664285714,-3.1410714242384823
-1.757928821428571,-2.0211526032444116
-2.825132457142857,-2.420821145919551
-0.8024650571428579,-0.8006608376668314
-2.59850214642857,-2.590871227708133
-2.221281585714286,-2.21887215731114
-3.08365514642857,-2.7562790695892674
-1.558457628571428,-1.5217331404329062
-1.060650612539682,-1.1694994694317042
-2.38828645,-2.5912046090009766
-2.7070191,-2.5118393706075857
-2.7427502,-2.2353191694774734
-1.270239628571428,-1.4913387439055683
-2.334578735714285,-2.1787756765912185
-1.534309854761905,-1.5523552291734466
-3.319773553968253,-3.172840001149712
-2.586366771428572,-2.4812701557174064
-0.122661450000001,-0.34680646677075794
-1.050723009523809,-0.7400100056678406
-2.360093143650793,-2.2411850574266414
-2.582670514285714,-2.491021264790411
-2.866591449999999,-2.6941931724143204
-1.976810514285714,-1.8586917977965909
-1.540483985714286,-1.6422774802497628
-1.007915378571429,-1.1873117673164078
-2.227047342857144,-2.195219054383839
-1.083300414285715,-1.2217867624221386
-1.700022821428572,-1.7119962762954455
-0.8412506442857145,-0.9562895878731696
-1.722729914285714,-1.6478473674198613
-2.356569432142857,-1.8134641935450262
-0.2656213285714288,-0.5035092722202197
-1.629301485714286,-1.5316722323674643
-2.117139507142858,-2.2101519730770174
-2.745529157142857,-2.538120084457134
-1.540935164285714,-1.5890963768661022
-0.1485037728571429,-0.18205953706762423
-1.436787157142856,-1.3859574563199382
-3.120645235714286,-3.104076019890573
-2.893994399999999,-2.6296807689784245
-0.3498984666666673,-0.6265600262895703
-3.024177435714285,-3.0246864488417273
-1.553763604761905,-1.6366690521181735
-2.9296432,-2.845727092586781
-0.2501915809523813,-0.36623086919548725
-2.445861585714285,-2.5350719960352683
-1.184042139655173,-0.9548060693922225
-1.23242495,-1.417172991246435
-0.6208401999999994,-0.5779152229040253
-2.028501176190476,-1.9391239407256466
0.0506610778571428,-0.24296280598777686
-2.490810660714285,-2.3006270002835465
-2.040879168253968,-1.978057681418537
-0.4615529142857139,-0.659319820787203
-0.7942877033990143,-1.3161053286388398
-1.197009057142857,-1.1786159599356942
-1.14420845,-1.1951733761795764
-1.37227595,-1.4510170056633371
-0.6612670142857142,-0.7668878233862794
-2.291326935714286,-2.181038484998589
-2.733428457142858,-2.5123473120028614
-2.69691887142857,-2.4668089676948015
-1.306811339285714,-1.234042152774779
-0.4038623571428569,-0.47644985012536245
-1.017049678571428,-1.1452804538583146
-1.054623140476191,-1.1865252972385578
-1.010148600714286,-0.9314102695892353
-1.301629366666667,-1.5511660632181672
-2.068991565079365,-1.8054654893480218
-3.092728092857143,-3.104076019890573
-1.648742657142857,-1.5723297832938938
-1.439619559523809,-1.5576864051792756
-2.619213271428571,-2.5107548389788463
-2.401698514285715,-2.380827533162279
-2.319782492857144,-2.263902753459036
-1.058548679999999,-1.1834386855963677
-1.663866815079365,-1.7073506405214147
-1.0032712,-1.3082152669966185
-0.520207057142857,-0.7620376664990078
-2.179714033333332,-2.261348900470978
-2.125402421428572,-2.0625719750556346
-2.683044825,-2.4262440512517025
-1.871620278571428,-1.8450663167180035
-2.991788157142857,-2.889777047075112
-1.965111414285714,-2.047948076567807
-0.8198876642857148,-0.8187431293568028
-2.9541415,-2.6446354466687683
-1.134090901970443,-1.4670694973941887
-0.9915339321428566,-0.9553283741610336
-2.5085652,-2.2201923533535752
-2.788402414285715,-2.902020019521167
-0.568667814285714,-0.7853817697802363
-0.7507006523809524,-0.8928439163427223
-0.4289089857142854,-0.5246185421111367
-0.893711057142857,-0.8953078938484169
-3.051633128571428,-2.909260007034383
-1.467900199999999,-1.3892400614622282
-1.239271349999999,-1.4198389877521937
-1.103814914285715,-0.8883764380132589
-2.726054557142857,-2.76479679569246
-2.277600985714284,-2.1916345487893736
-0.9893639142857141,-1.4101829021312606
-3.339094835714286,-3.0985412803430274
-1.296499447619048,-1.2001600469730462
-2.351761442857143,-2.3631214260808213
-1.255434021428571,-1.240982247467795
-2.780788378571429,-2.6759087493963785
-1.470807514285714,-1.1825542568103862
-1.357840596825396,-1.357707955439433
-2.376489157142856,-2.3236310313812276
-0.4515354952380954,-0.7026297357617809
-0.6944613071428581,-0.5962523834599889
-3.061094328571428,-3.0176909335610396
-0.9187434499999999,-1.1399906556849144
-0.9662145571428569,-1.1651212738103756
-0.4397502928571428,-0.7211438119091482
-1.012721826190476,-1.0654567173846063
-1.665706652380952,-1.5451163484908441
-0.459096401970443,-1.3487440847002357
-3.251039168253968,-3.109294632871666
-2.037202271428571,-2.1046254381563334
-1.660372819047619,-1.4054971995521766
-2.472063000000001,-2.156894620585945
-2.447471350793652,-2.2520534910525773
-1.716462453968254,-1.8521101195629277
-0.8839677357142861,-0.9333584510886072
-1.171282735714286,-1.1555518612369724
-2.524515009523809,-2.2831718650829944
-0.5095383226190476,-0.6799281956446356
-1.507759564285714,-1.5656726288964034
-1.903789307142858,-1.7884009887883654
-3.317161567857144,-3.238190596066892
-1.789312678571428,-1.7239659794792994
-1.493247614285714,-1.496070593919416
-1.774506747619047,-1.7821458878435088
-1.885149675369458,-1.8374376780240798
-0.9538969214285709,-1.0024068314926946
-2.606295628571428,-2.680479892609061
-2.093551271428573,-1.6216708914630011
-2.107495985714286,-2.065683400870168
-0.3234081047619054,-0.6376838413118994
-0.6795885642857142,-0.7976752611911359
-3.047616021428572,-3.098822266920714
-2.78834395,-2.8521896094677963
-1.621655128571428,-1.4896838304231808
-0.4604110714285723,-1.122670025682916
-2.5362642,-2.310093581436964
-2.909175886507936,-2.9471784032946937
-0.4890918666666672,-0.7737503191248674
-0.7610673785714285,-1.0766194103239488
-2.937102485714285,-2.8844617895444578
-2.476631278571428,-2.283936992865975
-1.420650988095238,-1.5223197900574998
-0.6957884190476195,-0.7837498619575989
-2.577854401970443,-1.9564552144041694
-2.917791492857144,-2.4300266897472156
-3.042834342857143,-2.7024199787426224
-2.924724757142858,-2.909313206315609
-1.805937642857143,-2.3840656737910986
-2.11240545,-2.068001776026751
-1.070680340476191,-1.0663806669411855
-0.7204106400656818,-1.2371656744983308
-2.586117821428571,-2.533833114932361
-1.719769985714286,-1.4973576624055092
-1.017413560714286,-0.9855146594863815
-1.122350107142857,-1.2382652733921724
-1.785378286480569,-1.7096431169215822
-1.577398271428571,-1.573795718940157
-1.935313961083744,-1.822423739742671
-2.492950136507937,-2.127074942981053
-2.198608249999999,-2.012251495065747
-0.7322230214285719,-0.6855553651911029
-1.393516914285714,-1.5208392075921902
-3.131889392857143,-3.0992834935776616
-1.045907271428571,-0.7210271853108815
-1.242728852380953,-1.1859949740926272
-2.698050021428571,-2.5936206091487155
-1.750589433333334,-1.8944178404736538
-0.6843917476190475,-0.771679218963912
-1.695065878571429,-1.67440283576647
-3.085766118650795,-2.964692592311692
-1.279843400000001,-1.5948493674558681
-2.881867807142857,-2.807670743121769
-2.228834914285715,-1.9568283878586215
-2.075317914285715,-2.092024693811097
-2.589067914285715,-2.686359761049934
-3.214729378571429,-3.1862075997458357
-2.193483621428572,-1.9897767345641755
-0.5943598071428576,-0.9072233636705066
-0.6255547078571421,-0.4964577147820973
-0.6698059857142857,-1.1515154890669879
-3.241334228571428,-2.729189724162918
-0.9666992428571431,-1.1554851852783934
-0.8593725214285725,-0.7559888494776503
-1.350384914285714,-1.3562192531894082
-0.5035712642857142,-0.6231016841015234
-0.3097965928571433,-0.6608402431536171
-2.861681085714285,-2.7239212005257536
-3.0199303,-2.9092341127715393
-0.5398030571428569,-0.6304741930371349
-2.808748985714286,-2.853532897125283
-2.906015592857143,-2.958945178767704
-1.013994233333333,-1.215081600622376
-1.654793657142857,-1.6045412584718126
-0.7653954380952384,-0.7129275831241079
-0.2754276285714288,-0.5503814779224416
-0.03859730714285702,-0.30008105199691754
-1.079561004761905,-1.1696911499125364
-1.713266107142857,-2.086709896074976
-1.640814392857143,-1.6428482032935792
-2.925709707936508,-2.941934419051487
-0.7455046285714282,-1.6116506216642976
-3.203361271428572,-3.1391637984296223
-3.009209385714286,-2.892816801582243
-2.071566092857144,-1.8230728904670888
-0.6171411642857143,-0.6619823354212727
-3.200938528571428,-2.9850475266658103
-0.9719487357142859,-1.1054773561693492
-3.175521228571429,-3.1012684936398314
-2.543411860714285,-2.1531235754596465
-2.019266247619047,-2.060933204508067
-1.302586864285714,-1.2691102367106055
-1.428857985714287,-1.3604894579992397
-1.546919154761904,-1.583561156105503
-0.399690922142857,-0.4965621074427832
-2.795248885714286,-2.8621682394604897
-1.51799089047619,-1.544036259749111
-0.7361354142857144,-0.7736767411585442
-0.07638682380952387,-0.3405987321330422
-1.355969735714285,-1.1854185631467034
-0.04369170000000112,-0.28824115868581957
-1.933414771428571,-1.674294453406816
-1.562936114285714,-1.5756345382570947
-1.28052185,-1.612265025456203
-0.9576650500000002,-1.3978931473948046
-1.115742271428572,-1.3933757671129143
-1.071060558730158,-1.290782593270993
-2.4256766,-2.371917240027006
-1.372317687684729,-1.5121929496891484
-2.694005771428571,-2.614842367864428
-1.869830342857143,-1.8714303986430576
-2.785478235714286,-2.807649659077883
-1.484223390476191,-1.4021369100652048
-2.314798228571427,-2.0883874482182825
-2.639147632539682,-2.782572187061648
-1.259368461904762,-1.369940649306551
-2.485029453968253,-2.475446374966131
-2.746803817857143,-2.656084303109268
-2.093747271428571,-2.1282566348135474
-0.940048985714285,-1.1369044421228895
-2.0183107,-1.9544760651788051
-1.245313257142857,-1.080670466808311
-1.584787226190475,-1.6673075481023893
-2.845808789285713,-2.658999095234594
-2.633236921428571,-2.3575581626427335
-2.862827771428571,-2.535184670014917
-0.992065485714286,-1.0547118919876404
-2.592965342857142,-2.5168438530624844
-0.9019687714285719,-1.2898790766095594
-1.468893464285715,-1.415205214031219
-0.5493647142857141,-0.6232786015201953
-2.135925314285715,-2.0330743968249085
-1.009401628571428,-1.12229831592842
-0.7537533499999997,-0.9902958529352757
-0.5391977714285717,-0.7929401072412646
-2.292868021428572,-2.2193380143641037
-0.432575271428571,-0.4428305812592617
-1.799007592857143,-1.6144491160170635
-0.5932440749999996,-0.6364740976668846
-1.477025961904761,-1.3599671417273143
-2.252003957142858,-1.9787415667833037
-2.497623664285714,-2.599138865407449
-3.060339178571429,-3.095475152562042
-1.149415033333333,-1.028524739998791
-0.5895753499999995,-1.0695171558988568
-0.5042957833333332,-0.503200138658789
-1.196275514285714,-1.1909795390411526
-0.2361280571428571,-0.7154349498900561
-1.658185128571429,-1.5834955459545423
-2.49723949047619,-2.101785695351617
-2.437829779365079,-2.2723759292457717
-0.7871193428571429,-0.5852829804876233
-2.914091878571428,-2.9415470156140557
-1.587818259523809,-1.5873718230023057
-1.059368478571429,-1.132898869471339
-0.9224613071428571,-1.5038066021345242
-2.244879414285715,-2.2134292219801774
-0.3448827214285716,-0.46878982133556724
-2.401109940079365,-2.2027966218099606
-3.051199414285714,-3.0409588862111634
-2.435641707857142,-2.390616806429334
-1.175372228571428,-1.4602894444259609
-2.009842935714287,-2.1790632744744176
-0.6312287792857144,-0.5687640471638233
-2.545204371428572,-2.0484152374150946
-3.16082025,-3.0198195707181856
-0.776882557142857,-1.1407449494064605
-2.379169217857143,-1.7006359246278717
-0.4195804738095238,-0.4679447141209868
-1.245350961083745,-1.3521178550905453
-1.9131007,-2.2423757639496276
-1.712560671428571,-1.5504531914180515
-1.480122085714286,-1.3908295664831696
-2.779809592857142,-2.440354632477777
-2.291729235714286,-2.0706867735502206
-1.641563071428571,-1.1302464304683055
-1.251601188095238,-1.4687551064986704
-3.217069192857143,-3.1191418448245365
-1.354101616666667,-1.4842969704317204
-2.6147132,-2.5739590820328693
-0.9859163071428573,-1.0077005544624837
-2.134783628571429,-2.2545515317860287
-1.087953003571428,-1.6484825407590755
-0.814601057142857,-1.3668998661042187
-3.323743607142857,-3.081076901674174
-2.997782414285714,-2.9733952208594405
-1.037015414285714,-1.4314967463923258
-2.972958628571428,-2.9249786813955008
-3.0392109,-2.6742887177622867
-2.190211478571428,-2.0365270128433264
-2.690491521428572,-2.501804560514696
-1.547259092857142,-1.543206397428395
-2.249381542857143,-2.181177990057082
-1.068534057142857,-1.5810672491458755
-2.657531592857144,-2.821399559172081
-1.706358057142856,-2.10950982472053
-1.983892225,-2.0909996858488054
-0.823193060714286,-1.0778321530202672
-0.7554013190476196,-0.8157334048356552
-0.1025835380952382,-0.32573836134839124
-3.070546871428572,-2.6742887177622867
-0.8614656999999996,-1.0662482480018645
-2.74367555,-2.4315277227669454
-2.188893271428571,-2.294275034606259
-1.004821396428571,-1.127611469118514
-1.514651119047619,-1.7366315174493572
-2.066682057142856,-1.623693730098681
-1.114909680952381,-1.1199350821474803
-2.412806544827586,-2.182295954384062
-1.290775961083743,-1.531688597764162
-1.449398052380953,-1.0662072613084141
-0.6890861642857148,-0.7249287015206158
-3.025176557142856,-3.097656149107718
-1.015437715714286,-1.413845198121613
-2.716806457936509,-2.7372080092582816
-1.072368223809523,-1.1007820379982614
-1.120357485714285,-1.147556836317611
-2.57468799047619,-2.323099922901611
-1.701830571428571,-1.8078055671759716
-2.157782085714286,-2.1618280570329467
-0.6466812714285715,-0.5763198426798646
-1.409159961904762,-1.4627235258661304
-1.511005285714286,-1.5693237762511147
-0.7108761876847284,-1.2619721413648672
-2.153055407142857,-2.460637842005873
-2.673832592857142,-2.847111017294947
-1.006095021428572,-1.5354233360375436
-1.650001814285714,-1.6554312290908038
-1.473096057142857,-1.4453590850474713
-2.971800564285714,-2.61739796720171
-0.6725155857142856,-0.7378889955444656
-0.5855242785714277,-0.8214942391049312
-3.132281164285715,-3.0677625404495754
-2.933229414285713,-2.6172492069587108
-0.9648293785714281,-0.6926139248660343
-1.499689664285714,-1.6457144083411792
-2.661377953968253,-2.7596061514899985
-1.149656164285715,-1.0428926682025859
-2.519607914285714,-2.4625500191227307
-3.250361628571429,-3.2001599329488184
-0.7944328285714286,-1.4292590747339464
-2.004666278571428,-2.0397232901070517
-3.052425157142857,-3.093259648100917
-1.470561164285714,-2.2489731152209633
-1.027954342857142,-1.006063842037964
-0.6084660380952381,-0.7466801868305951
-2.812407021428572,-2.4395504164017385
-1.867554422222222,-1.853277150561078
-1.577572878571429,-1.5361640098727083
-0.5580058190476193,-0.7138457109320372
-0.3683665190476191,-0.6810134182684265
-1.12980885,-1.2247066221587573
-1.589996307142858,-1.5397024044956096
-1.890095319047618,-2.146407097500237
-0.878065271428572,-1.3359141905229976
-1.491123685714285,-2.142930399669436
-0.5452100499999994,-0.6997363037751847
-2.6783468,-2.5111195616191204
-1.074706447619048,-1.4858085184821719
-1.419583592857143,-1.109877213136981
-3.377373,-3.3161522813366897
-1.208846521428572,-1.3455219291979414
-2.438745223809523,-2.276793590953532
-2.531776295238095,-2.2579144484618254
-1.471623057142858,-2.009065679906931
-0.9182839452380956,-1.0441711279729569
-1.466768546798031,-1.6741365428943797
-0.715182264285714,-0.906513093077138
-2.949579342857143,-2.6346107174542155
-1.066855785714286,-1.2520872593495593
-2.014621307142856,-2.0331313075513355
-3.257746964285714,-3.1260032556783015
-1.612747961083745,-1.4073916578697876
-1.92594960952381,-1.343758246986801
-2.765770242857142,-2.869654013569395
-2.316204723809524,-2.1947500557522215
-2.181744128571428,-2.2723001360170234
-1.6258934591133,-1.6146797623341769
-3.284781635714286,-3.063055542174383
-2.534686961904761,-2.348014745557236
-2.660164828571429,-2.6353325412309685
-0.4442818071428571,-0.6748821057630258
-2.623183900000001,-2.3533136907798653
-1.147079878571428,-1.1832735409156272
-1.648697585714286,-1.5907575437739645
-1.458319271428572,-1.5529945993798029
-0.9890097178571418,-0.8960882191225524
-0.9601704738095245,-0.7581167281812623
-2.90509687857143,-2.7780426216959286
-1.761740521428571,-1.986880589017747
-2.921550585714285,-2.894720905261084
-2.734071321428571,-2.349529780241603
-1.741574842857143,-1.9150122844381352
-2.802559314285715,-2.4480614945613275
-1.567075628571428,-1.5839424915012106
-3.034327692857143,-3.040914282290491
-2.582697628571429,-2.3151364682802558
-0.2188709714285716,-0.34400520969810916
-1.819763842857143,-1.835868626340112
-2.254216157142857,-2.0688344883728726
-0.02845569761904697,-0.25189133077726833
-1.419233521428571,-1.3047037074302625
-1.413098416666667,-1.532587338720803
-2.229961136507936,-2.0266025912943078
-1.786339842857142,-1.8017822253101021
-2.574273028571429,-2.5081557874572358
-3.09613775,-3.0944480774041834
-0.1675088428571431,-0.4315450347921971
-0.9325664857142856,-0.8610382949230868
-0.2980423190476189,-0.5858300652884304
-2.744545200000001,-2.8573174848325507
-2.7590039,-2.6267936936408667
-0.7631458071428574,-0.7267014750745412
-2.058560171428572,-2.1238883206530614
-1.454545014285715,-1.554882178865799
-1.863895446428571,-1.9227056523240484
-2.098986580952381,-1.8534801317632736
-2.237735235714286,-2.19977573663613
-3.280325864285714,-3.144884718329893
-0.4085031047619039,-0.8137627685505568
-3.125844664285714,-3.118906401301056
-1.614685735714286,-1.6138699501661036
-1.110770485714287,-1.2417592700480173
-1.92576279679803,-1.7900473572975841
-3.026292764285714,-3.012001648866286
-2.526847271428571,-2.205375496467671
-3.088474328571428,-3.086841362256786
-0.6382198952380956,-0.7069899873585771
-1.896217285714286,-1.6413007318627393
-0.692297876190476,-0.8126557649262627
-2.523094161904762,-2.324808163836985
-1.997926200000001,-2.1903374909175337
-2.361153938095238,-2.3596402796616673
-2.503422914285713,-2.589131816775084
-0.3722785214285719,-0.6817579969203731
-2.001656635714284,-2.178140430279948
-1.188170323809523,-1.1229428671013701
-2.891728285714286,-2.44712176708563
-1.189486057142856,-1.0127531217297245
-1.873268285714285,-1.800437641821244
-1.07021295,-0.918704371074339
-0.9189706285714284,-0.9737600153582358
-2.143860735714285,-2.049857054367159
-2.110581753571428,-2.0924172969237738
-1.580604628571429,-1.1139916226590922
-2.369150342857143,-1.8748726739700021
-2.181097057142858,-2.3873039239598586
-2.499733121428572,-2.5848891330443187
-1.718861396825397,-1.564428626199313
-0.9078888666666661,-0.9899794555522445
-2.778179342857142,-2.8628828199475236
-1.494683926190476,-1.5259439308793916
-0.9405930928571432,-0.7996930900640963
-1.386116614285714,-1.4744613304814702
-2.982691414285714,-2.90179887864223
-0.2991856285714282,-0.36565122437364617
-1.050702947619047,-1.2047970009981226
-2.561264628571429,-2.512869135161237
-1.088203264285714,-1.1179735684121221
-0.5869755749999993,-0.8637167067957362
-1.011431964285715,-1.2792115557987636
-0.7613886404761894,-0.6833949952479146
-0.4805949857142855,-0.46057193402998725
-1.253281814285714,-1.2339066266805339
-1.257012895238096,-0.9183846455894695
-2.186852939655172,-1.9786034075068013
-2.906266699999999,-2.8596742839963265
-2.837955378571428,-2.385700103154236
-2.663362842857143,-2.570274006892287
-2.566136428571428,-2.561871221727634
-2.362337950000001,-2.1296891113143497
-1.522467235714285,-1.2264901762559208
-1.453690723809524,-1.5961126200918172
-2.556513057142857,-2.511007996014938
-1.645706592857143,-1.7204782123006863
-2.46636805,-2.5827063384700875
-1.401934276190476,-1.6206752444711687
-2.232936247619048,-1.962522478194742
-0.2521168666666667,-0.6351139827999769
-0.7125993785714283,-0.9531104642842799
-0.8792625071428561,-0.9565987078398773
-1.846482771428572,-1.882691374336458
-0.5225418666666661,-0.8422434203331928
-2.627751878571428,-2.6476044947320223
-0.8028626761904759,-0.6786602096319125
-0.9405606999999995,-1.3342556166542603
-1.110939142857142,-1.0953647495112797
-1.111785021428572,-1.1152659769834128
-1.675169735714286,-1.6310072529290272
-1.961574021428571,-2.066071252272356
-1.46460458095238,-1.363915266117596
-2.898039100793651,-2.9401588300691817
-1.00504720952381,-1.1113078210454053
-2.381938135714285,-2.537600614206065
-1.490305961904762,-1.6684652218960434
-1.490572346825396,-1.682917437351591
-2.146944807142857,-2.0391173646884386
-1.590367378571429,-1.607505226094871
-2.998908735714286,-2.5286001488652463
-2.682972842857142,-2.8075365525282487
-1.632649075,-1.6076612570505509
-2.725473621428571,-2.7364178963045513
-2.119539057142857,-2.070137710815968
-1.313071535714286,-1.3026047500974105
-2.567301928571428,-2.59049568329529
-0.04017010785714246,-0.12485288440694037
-1.358328578571429,-1.4029954631439494
-1.291634703940887,-1.1394395668202553
-3.0457647,-2.9086141029256747
-0.614436021428571,-0.5184561985925441
-1.684268866666666,-1.6219233978775154
-1.582740646428571,-1.523017915240581
-3.009729100793651,-2.9569890417116564
-2.842779964285714,-2.4854269182644635
-1.141233921428572,-1.1899856138729088
-2.739667778571428,-2.8180960406958957
-1.9895642,-1.9438851721736785
-0.03820339285714321,-0.00102372326530634
-2.468168614285714,-2.57696891162172
-2.165875318226601,-1.9014106054391797
-2.188498092857143,-2.1287082368846217
-0.9400501285714284,-0.8583813671978425
-2.895989128571428,-2.8941399793863822
-2.589809607142857,-2.6604500067196217
-0.6088438047619046,-0.8831014432790455
-0.6701150571428569,-0.9307710082965731
-1.688777307142858,-1.5782984443668258
-1.604952557142857,-1.982621676382939
-2.280109414285714,-2.174233858245437
-2.374680914285715,-2.223126338460027
-0.8872330571428577,-0.9377592736503
-0.7110557452380958,-1.1423816152497366
-2.299236342857142,-2.0280442951778914
-1.619011021428571,-1.6039179228088816
-1.914534378571429,-1.7716758575151654
-3.245189768253968,-3.1992848059983188
-2.409380821428571,-2.519264594997425
-3.222831614285714,-3.1689241407193314
-2.668208471428573,-2.50332386033561
-1.058038032512316,-0.8094234208947615
-0.5329004357142857,-0.5977379116142171
-1.630034878571428,-1.591384869919126
-1.7037228,-1.586242582227098
-2.829163385714286,-2.4467970546561917
-2.753652807142856,-2.84620048667603
-3.276456478571429,-3.0976689079557307
-1.663014378571429,-1.6311607991747674
-2.489071021428571,-2.2411482216071827
-1.855428164285714,-1.8674428847058757
-1.161888690476191,-1.178356921334608
-1.9012822,-1.884039098957129
-1.362536214285714,-1.49109129252323
-3.005951699999999,-3.0235498749644645
-1.529278342857143,-1.4155083493715273
-1.046662497619048,-1.0428242301860688
-2.859792664285714,-2.9159498761170135
-1.196876544827586,-1.4363000305917708
-0.3259723785714281,-0.5517515396066894
-2.299571385714285,-2.6259940380927396
-2.556555778571428,-2.6260381907485466
-0.918534090476191,-1.072013028091174
-1.911667971428571,-1.9007708800942773
-2.956530914285714,-2.8771642901239027
-2.813165964285714,-2.8342290324431967
-0.7051008785714282,-0.7618461969367453
-0.6925601142857144,-0.8866202659341208
-1.513466735714286,-1.4985088585819266
-2.399088857142857,-2.4825396459062454
-2.586745364285715,-2.6184175625672483
-1.773507971428572,-1.7581350338993946
-1.692233914285714,-1.6694759624350095
-2.558747311111111,-1.973944869140767
-2.790345492857142,-2.4007556176869578
-2.710716396428571,-2.796053546992742
-2.168968399999999,-2.075955303129639
-0.4950879857142856,-0.8996340997340548
-0.983717342857143,-1.1258848660031056
-3.101303271428571,-3.032624624722601
-2.455908657142857,-2.1356507885896887
-1.605351138095238,-1.4298355126287803
-2.259372678571428,-2.1779151973803286
-1.268984021428572,-1.4937449056079197
-0.5975308309523812,-0.5098982714762964
-2.373550721428572,-2.3631346318899586
-1.869970657142857,-1.662855267349304
-0.7647897476190479,-0.7347033038680397
-2.244503914285713,-2.287403677648236
-2.171251533333334,-2.2007842948661915
-2.743858885714286,-2.4890202211740737
-3.069749664285714,-3.1212656890336055
-1.825771878571428,-1.8592052581365397
-2.791428242857143,-2.5507875892801786
-1.618114985714286,-1.6078408246137743
-3.032219485714285,-2.9225230977547647
-0.7522327238095231,-0.7832390470090489
-0.970387657142858,-1.1871675023676118
-1.321888501428571,-1.5302825285922144
-1.231827557142856,-1.6000772587988636
-0.5129943428571428,-0.6167283387693553
-2.058480544827586,-2.0726105350026156
-1.32287515,-1.7345373827093227
-2.877938414285715,-2.9605447708328616
-0.4509005928571429,-0.5980623190206629
-2.129565771428571,-2.1872045492357857
-2.073637128571428,-1.9132487772286177
-2.037111992857142,-2.2592141383740545
-1.218227092857143,-1.0446806591990085
-0.6763300357142857,-0.6033691725859759
-2.177738585714287,-2.0143827615455066
-0.6885436000000001,-0.6695352621799943
-1.879784178571429,-1.7133458868290181
-0.5875192357142852,-0.9692388367485278
-1.389378335714286,-1.317681934924286
-0.6329763428571427,-0.6223560104591209
-2.206795128571429,-2.1391050193026966
-2.445825735714286,-1.9820797778859445
-0.4732700380952381,-0.7018521905455988
-3.002371678571429,-2.8647221736671065
-1.781841878571429,-1.8284727865309716
-2.582678735714285,-2.693574566389848
-1.384902157142857,-1.210080042088217
-2.413438914285714,-1.7717610040916107
-0.7390733071428569,-0.7670727108590387
-2.158726672222222,-2.2548046394770584
-2.728208878571428,-2.6571689296419962
-0.8226800035714277,-0.740504506240031
-2.485915544827585,-1.9534785470207099
-2.122666307142858,-2.0039494851603834
-2.118397092857143,-2.0861605434305814
-1.014403432142856,-0.9111353659100048
-2.689973321428571,-2.823558646509144
-2.508174401970444,-1.9771086944244685
-2.56392445,-2.7341584330005
-2.976224592857142,-2.775893024530833
-3.189824085714285,-3.1544666498988496
-3.025799521428571,-3.0656857573220755
-3.071900985714286,-2.9773719396250664
-3.139330825,-3.148502946131469
-2.746537592857142,-2.453762880189529
-1.544186592857143,-1.497187443772309
-2.153997039285715,-2.1116588620666272
-1.178664619047619,-0.9799852274452056
-3.055720382539683,-3.1004253267231072
-1.608582779285714,-1.646930081383639
-2.790716199999999,-2.475683719419577
-2.381399171428571,-2.126852303862986
-2.267567878571429,-1.811371114543285
-1.771873378571429,-1.6486454953044913
-0.8368108904761898,-0.9143651690809658
-2.399262779285714,-2.0384175640631867
-1.440917978571429,-1.4231634596543088
-2.281855264285714,-2.293604312978447
-3.006806096825396,-3.0125071345444354
-1.472107922142856,-1.2801089365692144
-1.454098628571429,-1.572677958317063
-0.2380058071428575,-0.3795770594468185
-2.631431628571429,-2.7523396769315442
-1.369045628571429,-1.3302326061863934
-2.271614192857143,-2.2720969782051585
-0.1494383228571426,-0.2961279570451893
-0.7719454857142851,-0.8967599238722097
-0.8194471285714288,-1.262863762169486
-1.496444821428572,-1.5190912166268795
-0.1563092000000001,-0.42530955854178454
-0.404069625238095,-0.6270917749360317
-0.5432882595238097,-0.5538115936285357
-0.2265810928571429,-0.3915370408860019
-0.4484989061904758,-0.6395213945614019
-2.687675685714285,-2.6254443148293563
-2.81153815,-2.7172613408788484
-1.761850535714286,-1.6925292276191106
-0.9046907285714286,-0.9482958613952134
-3.116513942857143,-3.0489328802359474
-2.057334557142857,-1.9341244766801748
-0.4809780928571428,-0.6753988317295384
-1.93351991111111,-1.7990525500834214
-0.8941350571428569,-1.0256413364159984
-0.6958037476190475,-0.6161294097554275
-3.0152587,-3.0945115242364984
-1.312954971428571,-1.640437514704377
-1.926284771428571,-1.9453039349621357
-1.722353357142857,-1.4490986621460376
-1.125714307142857,-0.9971166586589955
-2.080616057142857,-1.8381400551390896
-2.775547871428572,-2.5378949140100837
-1.546993164285715,-1.4946602012414187
-2.896573378571428,-2.759550793186177
-0.615765628571429,-0.5426685365291408
-2.359172128571428,-2.177585984063523
-0.6032725571428565,-0.6076592902542938
-1.243093409523809,-1.188136289439985
-1.5949437,-1.8547799886136065
-0.9941697591132999,-1.4195886232954111
-1.990947392857142,-1.7765887614752982
-0.5882310357142855,-0.7834506966863516
-1.242897914285714,-1.5486276949745872
-2.909682485714285,-2.8663074820494536
-2.625962521428572,-2.1795968338949567
-1.109024133333334,-0.9912716043883112
-1.046432185714286,-1.1507013715167589
-1.505721728571429,-1.5434350466399713
-0.6457220214285714,-0.5188059737915562
-0.5263703305418714,-1.351787998757978
-2.118451328571429,-1.7580158751996446
-2.92591675,-2.8894395696019366
-2.117627235714286,-2.1590909234365205
-1.6963532,-1.3622864487526802
-2.33025545,-2.2791666863418536
-0.5888579142857141,-0.4784459274422331
-2.364974485714287,-1.8766956771817458
-2.7422232,-2.4260703325838313
-1.050972200000001,-1.0777639979013884
-1.269784771428571,-1.284343753991791
-3.219153850000001,-3.1191418448245365
-2.493388278571428,-2.051186677280789
-2.554264285714285,-2.595153869290904
-0.5692585728571424,-0.8893330878033338
-2.949783828571429,-2.7969506095396457
-2.884859107142856,-2.7446021682410153
-1.459686942857143,-1.40307928819721
-2.078654966666666,-1.8683794830178158
-1.758656116256158,-1.5726984230283267
-2.011354514285714,-2.2583864123701125
-2.504913928571428,-2.6177377269443274
-3.218057992857143,-3.1920890479967463
-0.5758472964285711,-0.6898982155625278
-3.379935128571427,-3.0273052340342126
-1.564498821428572,-1.485236006350427
-2.169170771428572,-2.112406930650056
-2.56680782857143,-2.10346133995116
-3.385198842857142,-2.964382073854346
-2.238209330541872,-2.2331071802101707
-1.685803228571428,-1.7200052204046268
-1.075910033333333,-0.9598764163895427
-1.262246492857143,-1.2398362350528065
-0.6304598904761909,-0.7304818113533167
-2.644192128571428,-2.0525150198297535
-1.402763328571428,-1.932675678704602
-2.182708792857144,-2.2639011059619025
-2.331261178571429,-2.0798871883108663
-0.9893409321428572,-0.993903176583451
-1.249761271428572,-1.633700321607068
-2.630586435714286,-2.624080542849898
-0.6764795333333333,-0.7378059886017747
-1.838267978571428,-1.8176218419180508
-0.9440286999999999,-1.4610046765224893
-1.677637414285714,-1.7162100218533687
-0.9462693785714283,-0.7211168334040435
-0.5759538030952385,-0.5471529593692704
-2.689001385714286,-2.191365354044151
-1.275514092857144,-0.9479023409339746
-3.165771092857143,-3.110939614734853
-0.6273415214285717,-0.7645389683189232
-1.003232914285714,-1.1140584934658961
-1.984335271428571,-1.5742065099218328
-0.3046155642857141,-0.5362018590866375
-1.265983164285714,-1.1988830428627375
-2.291243914285714,-2.2025245117084586
-0.5291081928571428,-0.7574918658073025
-2.935433621428571,-2.646408380695685
-0.9902871642857143,-1.089734718775652
-1.4585569,-1.4104715840307145
-1.7434702591133,-1.6267224474361381
-1.997281761904762,-1.909139248655628
-1.097251321428571,-1.130432883433993
-3.240717564285715,-3.2058642632260455
-1.087719357142858,-1.3309997812175838
-1.01898725,-1.1748657211200295
-0.4069182285714292,-0.5531434733998642
-2.256065057142856,-2.160454504383166
-2.202588176190476,-2.108257030843598
-2.813274882539681,-2.801000248961047
-0.5700962000000003,-0.720636001466701
-1.403091414285714,-1.4891627329507433
-2.512710085714285,-2.5023982994999887
-2.987101057142856,-2.8482190595835557
-0.94059915,-1.092427389375349
-1.515871735714287,-1.5992165584403732
-0.783042953968254,-1.0256282792749511
-0.5842741785714287,-0.7296791864977509
-2.16328155,-2.1249690539597377
-2.346589490476191,-2.239200470556179
-2.807219592857144,-2.8662504432838896
-2.594983757142858,-2.480887547563926
-2.332205485714285,-2.043754006919359
-3.301176300000001,-3.0278290904790945
-2.534145285714285,-2.479625735772041
-2.490900985714286,-2.2468859042896288
-2.288212747619047,-2.3100095972905983
-2.520234176190477,-2.423289101444705
-0.8420944642857141,-1.146226230315386
-1.371019421428572,-1.4808666315491812
-1.422114307142857,-1.3883326056124057
-0.5866674221428566,-0.5416560692633816
-2.597272085714287,-2.856228094428429
-1.112015657142857,-1.2171186507074132
-1.176650271428572,-1.1419352937173775
-2.556810914285713,-2.0069827105741056
-0.3118542792857144,-0.3383717714844453
-1.0697858,-1.0702786494306682
-1.013853914285714,-1.2969972050402687
-3.391813257142857,-3.220832523026272
-1.63571225952381,-1.6589158421615942
-0.4885567952380946,-0.6980244157910521
-2.115139771428571,-2.379760074825011
-2.684125317857142,-2.6142441559400935
-1.063797907142856,-1.1331140011271699
-2.441878957142857,-2.3128186710190017
-0.5698525190476192,-0.6553727549308652
-1.679142242857143,-2.0624810820972717
-1.549668042857142,-1.9921284507664727
-1.485303033333333,-1.7283878644707529
-1.3431347,-1.3044240039028112
-0.9595993357142854,-0.8403035888330616
-0.6565807714285715,-0.8727916809624546
-2.849120407142858,-2.567985058636816
-0.9660903214285713,-1.1187819511701205
-1.407538103571428,-1.6115927478613166
-2.531969914285713,-2.688523657510854
-1.714725185714286,-1.475725474359232
-3.20224105,-3.1577481940110257
-1.929164139655173,-1.9716818483569825
-3.021503199999999,-2.9235761732597285
-0.5414426642857144,-0.6989813419467253
-0.8306828785714286,-0.8881659482508648
-1.578740657142857,-1.5168539185731684
-3.175245442857143,-3.149255623028433
-1.954765453968254,-1.8095600637280935
-0.7016658785714286,-0.5632531081547301
-2.006834642857142,-1.677187941040513
-2.964824235714286,-2.9125824845898878
-2.768809478571429,-2.614783868571822
-1.308044828571429,-1.4523849883276672
-3.235556728571428,-3.0015545300073514
-0.9298006642857141,-1.0954399824062213
-1.72231705,-1.5620864461813218
-1.646616664285714,-1.5655356561436715
-1.160142907142857,-1.1513818376845995
-1.184985735714285,-1.239406080045268
-2.378763819047619,-2.2811701027478275
-2.080476200000001,-1.6083483668689578
-1.0322472,-1.0639608406960097
-3.074329607142857,-3.0956544521660394
-0.482499676190476,-0.6083805534513488
-2.556934966666667,-2.3002344005029975
-1.221762128571429,-1.2021452792423928
-1.122552057142857,-1.1453237693124994
-3.078204842857143,-2.6627996022807494
-1.481777507142857,-1.339121655435322
-1.976654157142856,-1.9331583711811589
-0.920450557142857,-1.1345243381333154
-1.453852893571429,-1.506390432896242
-3.250629242857143,-3.210922081840518
-1.2474991,-1.2826877630876075
-3.205044021428571,-3.132840727406972
-3.301725778571428,-3.2171986325407227
-1.5133227,-1.3670235411797143
-2.494973464285715,-2.5415550713922737
-2.010096399999999,-1.8478839641901763
-1.972548307142857,-1.8667526482826275
-1.823754271428573,-1.8398401374310502
-1.387898176190477,-1.1016886594482889
-3.340353782142857,-3.284473292720974
-1.609668685714285,-1.850160867517651
-2.010978821428572,-2.459435313441972
-1.030453789285714,-1.5440815514463166
-3.03842227936508,-2.994570841894597
-2.015925292857144,-1.9918339939408205
-2.7921326,-2.473806260404253
-1.788604585714286,-1.7325290054896705
-2.032736735714285,-2.0838255991036627
-2.0171551,-2.009578513051183
-1.050185214285715,-1.6334026610770045
-2.638715692857143,-2.609944982226604
-2.700817128571429,-2.402469848030319
-1.227972664285714,-1.3841026581233806
-2.432880747619047,-2.311895793473856
-0.629750814285714,-0.8263817278530208
-1.995652247619047,-1.9460257942810877
-2.619860557142857,-2.5154715472702365
-3.021946096825396,-3.008997058723657
-0.9082186928571429,-1.357036916142217
-2.533616860714286,-2.4146202765218203
-0.6625742000000001,-1.2967063715339213
-2.488316064285714,-2.3333863962151313
-1.579215485714285,-1.635101276971055
-0.8274337904761901,-0.9810933589286518
-3.289151864285714,-3.1637711399910677
-1.572283739682539,-1.5974791751733035
-2.2236457,-2.0274635391408538
-2.656443461904761,-2.5629688038124896
-1.167294250000001,-1.3929831194766562
-2.374685787684729,-2.356334225645793
-0.9085356142857138,-1.403159542692959
-1.092845429761905,-1.1013400730054173
-3.332293742857143,-3.21921005426683
-0.7433874999999998,-0.9800936147651306
-3.416166642857143,-3.315014815083359
-3.33016135,-3.114877561947369
-1.423241628571428,-1.3675108342384203
-2.027229610714286,-1.7787750127001627
-1.646808922142857,-1.4144798932553033
-1.491039128571429,-1.4522723385613574
-1.248715235714286,-1.7183254283350098
-1.03793869047619,-1.1950001952970755
-2.2550277,-1.9835049406538126
-2.507137360714285,-2.525452415766864
-2.306718541269841,-2.2850784665919126
-0.7373909857142859,-0.6301464495079363
-1.969714392857142,-2.321621441833781
-1.932601342857143,-1.9022032732814242
-2.505260914285715,-2.0076632387037314
-2.630497664285715,-2.5339411610034097
-1.285276742857143,-1.358491222260499
-0.3373347,-1.2618203931706344
-2.644085307142857,-2.8030366264183737
-1.284167614285714,-1.3241823504314123
-0.9800598666666664,-1.3435897437590165
-1.475826878571428,-1.4573472323377858
-0.2907530809523803,-0.6454873913075566
-2.085691714285715,-1.9507741676509345
-1.694758378571429,-1.703903791802287
-1.7193037,-1.64412801924939
-2.794403642857143,-2.613905648882119
-2.702387421428571,-2.778787522458758
-0.6855994380952382,-1.0008631414738465
-2.76642377142857,-2.842540474817703
-2.722685003571428,-2.6507665900671085
-1.494561164285714,-1.7183604232923118
-0.8144434142857142,-1.0396617280321765
-1.391714271428571,-1.2959702260768076
-2.633773799999999,-2.1062595122521715
-2.918432414285714,-2.8782692939363788
-1.840260271428571,-1.822802405322452
-3.067275292857143,-3.09961468062808
-2.103367074999999,-1.5987514697715997
-2.975561914285714,-2.853066275922727
-0.9770824019704436,-1.4368823932860946
-3.010551321428571,-3.1364403886310663
-1.826710378571429,-1.8470474789274525
-2.041323364285714,-1.8675610588236558
-2.5863226,-2.374183657263035
-3.002835371428571,-2.8874668618912525
-1.498362542857142,-1.5579870178616428
-3.076945228571428,-3.0260755667021986
-0.9085047476190476,-1.0003134122421204
-0.2063971642857143,-0.433700818742983
-3.208029978571429,-3.19931595123087
-2.674496378571429,-2.706435677677414
-1.77546362857143,-1.6840360752169528
-1.606831414285714,-1.8543451559929462
-3.286534985714286,-3.104385658140228
-2.376089485714286,-2.4326019010490865
-2.099887789285714,-1.633425301123129
-0.591375973399015,-1.1885306728895646
-1.445670771428571,-0.9497973233562663
-3.267271164285714,-3.1260397606465133
-1.147628108571428,-1.162406902641768
-0.9739188571428576,-1.3430616332567231
-2.491604142857143,-2.1014324694224054
-3.308632035714286,-3.191378373910355
-2.478317057142857,-2.3499207760194145
-2.630907314285714,-2.611831110102869
-3.203435078571429,-3.1905286307861096
-0.9457900071428565,-1.0047286550509467
-1.975712164285714,-1.9062377046285073
-1.273506514285714,-1.2989955184394582
-2.728175717857142,-2.6595006492076996
-3.172109396428571,-3.179790938278898
-2.715871414285714,-2.7157678941165564
-0.569261170238095,-0.8895785623772863
-2.753779757142857,-2.731664647913245
-3.043883092857143,-3.0757081639468433
-2.393375871428572,-2.5246986645659906
-0.7840279857142859,-0.6197679064622257
-2.126678378571429,-2.125901000547619
-2.833237307142857,-2.8671129433016196
-1.721392942857142,-1.9943459003669193
-0.6745015928571431,-0.7281642061890276
-0.371199152380953,-0.44516254928551446
-2.549927835714286,-2.5629668079882673
-3.261613411111111,-3.197049628680104
-1.398860961904761,-1.7844158416393572
-1.406352392857142,-1.357689707500085
-0.8785336619047622,-0.8034728364887505
-2.161695685714286,-1.856912515546277
-1.005708771428572,-1.1036997409929425
-1.088414819047619,-0.8488356497853455
-2.61952392142857,-2.615477569451408
-2.339969176190476,-2.196404113229174
-0.3929954554761902,-0.48182755825379747
-2.395039021428571,-2.010853529277253
-3.137316464285714,-3.1058227423426388
-2.53493664642857,-1.7981811068407612
-2.890902164285714,-2.664153745078913
-1.766963057142857,-1.4631719854505434
-2.591199771428571,-2.55408682672198
-2.704168035714286,-2.8178092376122192
-1.433984688095238,-1.5470328250827523
-1.573239358730158,-1.560071155361114
-2.690414392857143,-2.599495114547273
-3.100674307142857,-3.1184104430383384
-0.5667417178571422,-0.7072149910871843
-0.9381136357142853,-0.9488700791275024
-0.7457389857142864,-0.9529254981807131
-1.249638342857142,-1.666052722190225
-2.194960235714286,-2.192088486264841
-0.8826882714285722,-0.8542005152755159
-3.191138478571429,-2.767897183610373
-2.839261842857143,-2.830176116718168
-0.6652860392857143,-0.7712516535002288
-3.225475342857143,-3.192325470885571
-1.587291064285715,-1.7844580391248
-2.793425057142858,-2.787960201053932
-3.042893464285714,-3.0541945528545527
-1.888348842857143,-1.5171536455520909
-2.944343414285715,-2.7485937739755535
-2.988204922222223,-2.9561881394348157
-1.02902705,-1.1687753625452042
-2.340650949999999,-2.7088152417237445
-2.949946128571428,-3.138635769625134
-2.410918128571429,-2.101645038724642
-1.360240057142856,-1.3326141951961534
-2.887723914285715,-2.662814476373197
-1.19953425,-1.226569334670559
-1.511344035714287,-1.581333008703429
-1.390344107142858,-1.4721848269951483
-2.810200271428571,-2.709994170376794
-1.004302257142857,-1.0441133424620566
-1.319683664285715,-1.3837824671886698
-2.706568907142857,-2.7175211958439274
-1.751974342857142,-1.7550271687899024
-2.050106707142857,-1.8130807309392614
-1.789405621428571,-1.747624417411297
-1.000662807142857,-1.4044832949885198
-1.829678057142857,-1.788989278452265
-0.9420770571428564,-0.8127267244622723
-3.242990707142857,-3.1500294032126597
-0.722216842857143,-0.707752777806584
-2.199464717857143,-2.0150843303025052
-2.435034628571429,-2.2740788414118724
-1.657903807142857,-1.8270642522218183
-0.7408996642857143,-0.8587267124212262
-2.570704271428571,-2.4972650497994193
-3.290890521428572,-2.7873478611685862
-0.2627979857142856,-0.4068501998866438
-1.331655392857143,-1.3826172125604805
-0.7616269500000001,-0.5942867195343678
-0.7099058928571422,-0.6730188779485838
-1.129920585714286,-1.2402264256938658
-1.742903964285714,-1.7010623426461164
-1.412490466666666,-0.9094622243881818
-1.748251214285715,-1.552156780429583
-2.311026887684729,-2.239929542058656
-2.284974200000001,-2.227233622749516
-1.259809380952381,-1.2462360362710747
-2.481012914285714,-2.037427180172593
-3.031838864285713,-3.0908231747971366
-0.6571767714285716,-0.8011202898093978
-2.183236533333333,-2.239798244778785
-0.152962914285714,-0.28741876072055106
-2.274936021428572,-2.016183255892504
0.05293319285714304,-0.3309588569576199
-1.1466212,-1.185181381772322
-0.4396714857142859,-0.44598425664396546
-1.844127728571428,-2.0449266311442873
-1.921064735714286,-1.7383274611907595
-3.038102164285714,-2.982431966945245
-1.392327235714286,-1.4095182148094745
-2.089570603940887,-1.9146961212575853
-2.382098699999999,-2.0822992188823592
-0.4546830928571427,-0.554936688312386
-1.356300833333334,-1.111175815683928
-2.700246364285714,-2.6353420612110825
-2.340359423809524,-2.262912480791256
-2.987158149999999,-3.007726240052603
-0.9902165452380954,-1.5085991062751491
-2.233594635714286,-2.13759864783328
-0.4077850214285717,-0.6792049382861863
-2.324855628571429,-1.82972806318668
-0.4691214085714281,-0.8604137210721249
-1.043653057142857,-1.2401529417509838
-0.7553411047619046,-1.0119432128615475
-1.833769307142857,-1.6490346029788028
-3.327570307142858,-3.1463785424790576
-0.472429135714286,-0.6728321676081325
-1.815742185714286,-1.6676823887996526
-1.514813085714285,-1.5712016803252347
-0.6596206285714287,-0.581708917195231
-2.095157461083744,-2.033085473470143
-3.154348307142857,-3.094870318312316
-0.284778592857142,-0.3380561672758438
-2.716911371428572,-2.4735425663936916
-1.497222085714285,-1.4831737576304402
-1.372177795238096,-1.5572503256786223
-1.448128764285714,-1.4382923501166802
-1.136651876190477,-1.1263077746840375
-1.785904450000001,-2.027278484826929
-2.454567414285713,-2.0689219325492605
-1.246809467857142,-1.1878464236615502
-3.423527728571429,-3.2840466092111007
-2.934146315079366,-2.9488553957803036
-1.306448557142857,-1.366359048188946
-0.07380534285714344,-0.5719822231244455
-2.396935492857143,-2.2297930789843137
-2.561403414285714,-2.510750841512812
-0.8905489857142861,-0.9314366802876944
-1.504034985714286,-1.4695081026423618
-2.321938610714286,-2.3561060370225317
-1.470137378571428,-1.4301452681236262
-2.100411866256157,-2.327891602345036
-1.099898723809524,-1.3944463937878426
-2.148098950000001,-2.140960537716674
-1.467417792857143,-1.3404277777633082
-1.333253071428571,-1.331247551402731
-0.7878772142857139,-0.742560031862529
-2.680407214285714,-2.6136545492324665
-2.396300985714286,-2.4167073134466754
-2.727093971428571,-2.520611436568404
-1.325167528571428,-1.3646953600804168
-1.408822878571429,-1.4453904822291956
-3.259966107142856,-3.2486238734976416
-0.4441040095238102,-0.7553988197417012
-1.263211771428572,-1.5315186921963257
-1.861379371428571,-2.3370210606486777
-3.170834896428571,-3.1984035131009554
-2.3885562,-2.360531499765417
-2.838751814285715,-2.7207905086778346
-0.7954343761904761,-0.9649898373459374
-2.431456819047619,-2.3125750015765734
-2.775845914285715,-2.8501405932867505
-0.9136976821428568,-1.077178476683478
-1.097898557142857,-1.0497337209727116
-2.289291842857143,-2.010210138961336
-2.787884016256157,-2.3889230563119304
-3.451147085714286,-3.25385651735434
-1.65824049679803,-1.5967296778188924
-0.8371224063492063,-1.4282582069424792
-2.236035195238094,-2.2144083151033502
-1.413283021428572,-1.4146265917051581
-1.671872271428571,-1.654043430990388
-0.5450483428571425,-0.7709706705238638
-2.465095092857144,-2.1772552155961917
-2.729279957142857,-2.7248067407965126
-1.372911795238095,-1.4200345147166256
-1.033002493571429,-0.9935399840136232
-0.1832353999999999,-0.23248339201352428
-0.6384301142857142,-0.7689507280606632
-3.281240842857142,-3.2166882792346954
-2.10593535,-2.2849065805670996
-1.159783542857143,-1.2392855193769747
-2.034577228571429,-1.9405989161908503
-0.7196439657142858,-0.9462353150039066
-1.652566592857143,-1.288861443214746
-2.615365028571429,-2.5006646029981012
-2.648141985714286,-2.5550212087613855
-3.1218982,-3.0611012090267464
-1.5627117,-1.5438183232022302
-0.7508049499999997,-0.8824525674630695
-0.3126742,-0.30722715096938774
-2.287995842857144,-2.1108052576913345
-2.552624878571429,-2.2256844094886277
-3.040492021428572,-2.998392337652018
-2.516602464285714,-2.367181573711341
-2.122229914285714,-2.119257876021844
-1.069158021428571,-1.2183080914237443
-2.560494771428572,-2.680053082483491
-0.9100787357142858,-1.01125321887762
-1.023665054761905,-1.289792826601587
-1.185939683333333,-1.4677549240624297
-2.831767779365079,-2.742385703472602
-3.094163742857143,-2.6742887177622867
-0.05324087619047647,-0.24358558776401829
-2.912153092857142,-2.95521137519203
-1.251414892857143,-1.2786890355757317
-0.4790697535714286,-0.6463247177509517
-0.7735952714285718,-0.6810512518284704
-0.5605777952380951,-0.5902420883513428
-2.788250565079365,-2.7904323646736735
-2.196910753571428,-2.2699330026774307
-2.726263257142857,-2.725542942252173
-1.264434778571428,-1.1657865049745395
-2.512978585714285,-2.066128380114147
-3.059577485714286,-3.0677220213902263
-1.858807172222223,-1.8703622974800713
-2.510067533333333,-2.3077507794209655
-1.037870416666667,-1.1839079019640555
-1.2579777,-1.3320267226125209
-3.1434447,-2.6627996022807494
-1.476049564285713,-1.5855108947093717
-1.018352257142857,-1.1109542505623278
-2.108054199999999,-1.967725997695162
-2.055415664285715,-2.0378428956771892
-1.132494453968254,-1.3715635361554162
-2.671813096825397,-2.776988099908698
-1.130762728571429,-1.5215428513684226
-2.351524390476191,-2.3009217787434526
-2.641613928571429,-2.445564748908286
-1.215038871428571,-1.2465516190763055
-2.63678702142857,-2.7340938730649005
-2.718948247619047,-2.58859810789841
-0.9012752714285723,-0.9794127301225146
-1.431130895238095,-1.0764182609834316
-2.774985217857142,-2.621797262650821
-1.148077807142857,-1.176333152229483
-1.448662128571429,-1.547677928909852
-2.262313057142857,-2.18838909230283
-3.086740378571428,-3.130759641828308
-2.852629571428572,-2.445557127480106
-0.5610145547619046,-0.775670450808157
-1.10016860952381,-0.96027949506189
-2.419311778571429,-2.6113255210992823
-1.765696514285716,-1.7374911897441283
-1.732075,-1.56587421902483
-0.8558394142857141,-0.7738255044693518
-2.382523285714286,-2.3372371922211546
-2.290876521428571,-2.160495423632041
-2.9326374,-2.936337871894901
-1.952749759113301,-1.9713886137165928
-1.11224145,-0.8701013817809797
-0.9510290571428582,-0.7412706989418278
-2.866595271428571,-2.8540322562769385
-2.707628142857142,-2.7266435296486407
-1.893367557142858,-1.8825432856674686
-1.032697928571428,-1.1657464521469119
-2.158847307142858,-2.1563653858960645
-1.628087021428572,-1.4666270584492944
-2.240388414285716,-2.082748262940897
-0.3846576071428568,-0.5264070324630304
-1.140268950000001,-1.2135098936440423
-0.4305553071428564,-0.5499176390469854
-0.858520771428572,-0.9225621354349394
-2.634088276190476,-2.5524825169241825
-2.075889121428571,-2.0630627039145017
-0.8508083666666673,-0.6814142028891167
-1.596639692857142,-1.5948883111502803
-0.8873801928571429,-1.0301305367131164
-0.9019218785714287,-0.9410982937135149
-0.6223885571428563,-1.2851516710576603
-2.95049852142857,-2.9168574395274414
-2.364714035714286,-2.490627519337425
-1.535144842857143,-1.5458108826169916
-1.416173929999999,-1.4450217161928791
-1.879170985714286,-1.3306380506419557
-3.028545985714285,-2.896751881232611
-1.647122261904762,-1.2202823307839157
-0.9454557785714286,-0.9852983656723067
-3.220767328571429,-3.062923958833755
-1.825884342857142,-1.9242741480315426
-0.7273612357142863,-0.8800619434221543
-1.022894497619048,-1.1004489494420961
-1.453210485714286,-1.523192125880835
-2.497762830541871,-1.8540642050040743
-0.107381914285715,-0.5508342838504825
-2.94022702142857,-3.1445931933111306
-2.056204664285715,-2.215900138414109
-1.964860628571428,-1.9948388911506705
-1.131074735714286,-1.1396353675081135
-0.6683785571428567,-0.7781933575659694
-3.121203678571428,-3.0859621182886356
-1.002120321428571,-1.059199291186443
-1.705443328571428,-1.4931555006946067
-1.315048657142857,-1.4450314294884823
-1.001392664285714,-0.8637355695673907
-0.9121820571428572,-1.5076584047144854
-1.822378128571428,-1.709001149592868
-0.829109621428571,-1.1323696146192324
-2.388033622222222,-2.423114480588577
-1.572525828571428,-2.1312562180831445
-2.459034176190476,-2.248878795777467
-2.447034,-2.2807716376567946
-0.3967492476190476,-0.7566337822635247
-2.795108985714285,-2.5342364249495746
-2.556050485714285,-2.5284365472824937
-2.413419771428572,-2.328518339412106
-1.726323914285714,-1.6070891986129163
-2.740088764285715,-2.722294592036465
-3.178847692857143,-3.11277068168927
-2.306386828571427,-2.302890487213109
-0.4385291071428569,-0.7523900147816899
-2.543410757142856,-2.5400416949629587
-0.7372579142857144,-0.7335635673051807
-1.427090682142857,-1.485877760501013
-1.822302317857142,-1.902197656300833
-0.2393213571428571,-0.3324992576534376
-1.174800092857143,-1.2418154767157
-1.541079842857142,-1.514389802185659
-2.2790027,-2.025813080332625
-1.678553414285715,-1.4892281922565243
-0.8001498130952375,-0.9346678903370166
-2.299660771428571,-2.157066831989265
-1.374125935714285,-1.483267072372833
-0.1920881714285717,-0.2304221716993684
-1.473642985714286,-1.526038351103548
-1.354017222988505,-1.84661085008831
-2.610440164285715,-2.7048125013321047
-0.5134297714285714,-0.527908535501067
-2.027726092857143,-1.9169136137720793
-2.581586914285715,-2.78003300105618
-0.2027095095238093,-0.5983969398224602
-1.617076278571428,-1.6591498996513996
-2.845927457142857,-2.6219592732904142
-1.272634771428572,-1.5075141421858835
-0.7872133642857138,-0.8754559587467479
-2.312992207142857,-2.2065752556052973
-0.1534026809523808,-0.2855347490609446
-1.514089942857142,-1.5102489056213266
-2.38929835,-2.052839265287656
-0.9366712476190477,-0.8406354135538652
-1.85452945,-1.5841137238073308
-1.363317045238096,-1.4993783646147207
-1.082140858571428,-1.1496645737109703
-1.698027278571429,-1.7223064337737286
-2.702284442857143,-2.517339123796758
-1.54077594047619,-1.5915747669476505
-1.465437235714286,-1.4947643042022072
-2.551331628571428,-2.520459773049576
-0.7084226047619039,-0.9474813847045331
-0.520143478571428,-0.5735020582817862
-2.923690671428572,-2.4150360048707356
-1.631867680952381,-1.581232608587216
-2.440511264285714,-2.3372304188813247
-2.683898592857141,-2.6925663304218386
-0.9655816047619042,-0.7386856477364092
-1.1284727,-1.12728733698271
-2.414472592857142,-2.221854988211842
-3.249493907142857,-3.2068814023123715
-1.544705747619047,-1.5520214819135287
-1.593429057142857,-1.6146846255479992
-1.758230964285713,-1.7089767088700583
-1.494200771428571,-1.2963993327255743
-3.184263835714285,-3.199553813204342
-2.232256642857143,-2.5456683967703477
-1.139770521428572,-0.8415215011619736
-0.6006503190476197,-0.8770576643057523
-3.202408192857143,-3.2064567225504668
-1.444011057142857,-1.5678170796797364
-1.246722503571428,-1.499472948363278
-2.574574235714286,-2.1729638715527586
-0.9784003499999991,-1.068894678436363
-0.9171279500000001,-1.0657934210188977
-1.652987095238095,-1.7969773531141482
-1.64804645,-1.5155970916369115
-0.852710592857143,-1.4311404831989738
-2.593231621428572,-2.241506762921435
-2.505136592857144,-2.2644439476110767
-2.308029860714285,-2.339799142470355
-2.049760157142857,-1.8501162858303688
-1.107313757142857,-1.1376080200435883
-2.504255557142857,-2.455959791945283
-1.248133078571428,-1.2799979682174536
-0.9803078214285706,-0.8982013383826787
-2.001331842857143,-1.980194280916805
-3.148574749999999,-3.0999839599200945
-1.371731152380953,-1.4839144739202819
-2.429258585714286,-2.467206175974506
-1.652475428571428,-1.6226425940238163
-1.160863164285715,-1.055061696399341
-0.02905122857142877,-0.36125552663721877
-1.405485532512315,-1.8791202185634266
-3.220272467857143,-3.1323850301461
-2.989917757936508,-2.9543196953186306
-2.481880557142857,-2.336850234975079
-2.517761342857143,-2.3317476345444503
-1.248844314285714,-1.4540453803562725
-1.088300965714286,-1.173561525056426
-1.94444845,-1.9672320570320077
-2.718868632142858,-2.6372231444790772
-2.016812735714286,-1.9312859264063291
-0.5437710333333331,-0.9431942281390854
-0.9503497285714297,-0.903726028896751
-2.156212871428572,-2.0218235208276085
-0.2227414476190468,-0.3744106804770442
-2.752876574999999,-2.5958021574886483
-3.110349378571429,-3.0812208354143804
-0.4820592942857139,-0.6646087031832634
-1.321851653968254,-1.38082452179077
-3.287559864285714,-3.0670829879460095
-1.880988907142858,-1.8034706383995374
-1.941652128571428,-1.8190103052139526
-2.480445992857143,-2.1782311827854683
-2.011797542857142,-1.9605177779642686
-1.592901444827586,-1.605615312418808
-1.129684214285714,-1.0843108708228144
-1.143359857142857,-1.4352892097416166
-1.654438271428571,-1.3635363234589681
-3.074841064285715,-3.0460936475351983
-2.810339332142857,-2.653373131384376
-2.915694628571429,-2.660716882119056
-2.12560052142857,-2.0668305485964176
-1.300668542857143,-1.2474324678912885
-3.219983878571429,-3.2037535035046116
-3.262357992857142,-3.0618625434839064
-2.5118068,-2.421792532979769
-0.9496189476190473,-1.2852932087187983
-1.484355896428571,-1.4951536496147217
-3.17950015,-3.1406889777759037
-2.714969071428573,-2.5922969046155626
-0.422505364285714,-0.4916990233188437
-2.495723557142857,-2.692488022049361
-1.966938139655172,-1.8837532378873574
-1.307320771428571,-1.3405440588455166
-2.782403807142857,-2.86794615491016
-1.040571271428572,-1.1027615153533867
-2.784027628571429,-2.603515409337062
-1.307465335714286,-1.4492961682527614
-0.9789426642857139,-1.0389811736751833
-0.8106019500000003,-0.8125722087976671
-1.898071973399015,-1.6480820959398335
-0.3178430650000002,-0.47957115337522344
-3.216978628571429,-3.1542519570448344
-1.5700839,-1.5314505794089641
-1.412116157142856,-1.3010471606074319
-1.640466200000001,-1.5257243662994873
-1.162121295238095,-1.6481651318115575
-1.340536161904762,-1.2613184988691255
-1.356128557142857,-1.4875450166056354
-1.724512628571429,-1.8085017367381333
-2.206031330541872,-2.206467574941795
-1.237040080952381,-1.5410749176211775
-1.359578385714285,-1.3598550163949357
-2.545403128571429,-2.1144513888037753
-2.721736814285715,-2.7035877046086942
0.1590631571428572,-0.3458555347135233
-0.4359157285714294,-0.565763024252386
-2.221094307142857,-2.2357230475343806
-1.760279235714285,-1.7451973597372827
-3.167156150000001,-3.1855693969430243
-2.327511392857143,-2.1682166654662263
-2.711113421428572,-2.605376079040289
-1.464333807142857,-1.4924213876670964
-1.791974021428571,-2.097838394011708
-0.5906903714285708,-0.8228610254776682
-1.275440414285714,-1.1679483094161505
-1.2880644,-1.163442026600324
-3.278242692857142,-3.2151144109696674
-1.447156721428572,-1.7233474676312635
-0.8878630428571428,-1.371957345902557
-1.499128171428571,-1.5103460583295882
-1.517879021428571,-2.0614909188766437
-1.398993521428572,-1.5030477874132
-1.052208392857143,-1.4004862830022409
-2.048401907142857,-2.028203308470392
-0.6183289071428568,-0.7233487065102805
-2.07503067142857,-2.1058367752360554
-2.473324057142857,-2.403824687866013
-2.928543544827586,-2.3673263739566712
-2.594977835714286,-2.525236119133589
-2.629880842857144,-2.4159329981218978
-0.4942242000000004,-1.3453436982634261
-2.25719345,-1.76379598827345
-0.8124884547619047,-0.9518286736021655
-2.408750907142857,-2.379215993692867
-1.857562835714285,-1.7519149416768256
-2.068080735714286,-1.8247377659164379
-2.425259128571428,-1.848397735490948
-0.9347876642857145,-0.7679448078681647
-2.688751967857143,-2.7822837693794926
-0.5382980499999996,-0.6811081055957644
-0.9560985749999996,-1.5783110240974254
-2.336906121428572,-1.9495640602127298
-0.4327908785714283,-0.46384420960884326
-1.197983971428572,-1.2762984262730628
-3.195274721428572,-3.068635534087544
-0.8769946095238096,-0.9177204375703363
-1.674132628571428,-2.05414648770496
-2.044902664285715,-2.0577520965232874
-1.0890307,-1.1337084864200055
-2.516274342857141,-2.6865168189298867
-2.379925771428571,-2.2306431635888804
-3.258213235714287,-3.1962473513855905
-1.45399295,-1.4046657606115376
-2.034465112698413,-2.1073498846049077
-1.504827360714285,-1.545886651780303
-3.061034592857143,-3.08446596938479
-2.105439842857144,-2.156629949750423
-3.202017396428571,-3.0530478044895606
-2.643963565,-2.3939531440857382
-3.423902728571428,-3.2420789520700417
0.1372885700000006,-0.18029422790167554
-3.397282657142857,-3.117399117258737
-1.725448099999999,-1.7024427173635466
-1.387300914285715,-1.2846277709200082
-2.886661164285715,-2.9355023821076394
-0.3838456571428571,-0.6970487785225066
-2.978826765079365,-2.9469338605628232
-0.2310795035714288,-0.5167848476284165
-2.636170364285714,-2.664614623950818
-0.6665103285714282,-0.8215968860843142
-2.454350993650795,-2.1225317301078848
-0.8909444142857146,-0.9611912254686371
-2.726969557142856,-2.6729861411844813
-1.930795735714286,-1.4444396301243005
-1.021933392857143,-1.2172065720275502
-1.555786278571428,-1.4879198135353462
-3.095491271428571,-2.963988480491132
-0.9834396642857145,-1.0335906715271883
-1.386392787142857,-1.5327993421716666
-1.269801735714287,-1.3368959879522988
-2.746249892857143,-2.5583890029684198
-1.407345045238095,-1.502469585798261
-1.770646585714286,-1.8580371057735579
-2.556831766666666,-2.296942820932922
-0.9466936761904756,-1.0974516669068886
-2.195241033333333,-2.155807667101168
-1.410007842857143,-1.3942232510194223
-3.260116492857143,-3.1581848751593595
-1.659490557142857,-1.8216685494798834
-2.733441450000001,-2.653827373213467
-1.5869081,-1.7442831497861881
-0.7404110999999999,-1.100583890338902
-2.1157884,-1.9841294855314122
-0.9267752238095243,-1.4631930810470413
-2.295061192857144,-2.365816448418566
-1.038423557142858,-1.0447303854448375
-2.371296438095238,-2.2707068768586374
-0.3837827714285709,-0.628487989391506
-1.475724086904761,-1.4388227668309017
-1.374805592857142,-1.3822555846618838
-2.311337535714286,-1.9646986442531837
-1.391534914285714,-2.0465221547518797
-3.4624922,-3.215615135152949
-2.782269557142857,-2.900203233402184
-2.12672727142857,-2.0630855642845245
-3.153112514285714,-3.0893499210415
-1.693128407142857,-1.752491443322538
-1.392264853940887,-1.478438919461644
-2.790063,-2.6876593781442297
-2.08530077142857,-2.095928545780342
-0.27981745,-0.4305824478928171
-2.235639171428573,-2.0909342843105803
-1.431376821428572,-1.3827575709765578
-0.7953881928571427,-1.0920613418672354
-1.4079799,-1.745124250371599
-2.092904735714286,-1.8772805834807238
-1.374157614285714,-1.7422525519159895
-2.957617271428571,-2.8863676634992674
-2.276269342857143,-2.0993777317164217
-0.910564021428571,-1.11987805031185
-2.245590717857143,-1.9177084176178365
-2.340479596825396,-2.254281637632911
-1.963351707142857,-1.8305841640239002
-2.481818485714285,-1.9778764314319865
-0.8038640571428576,-1.121555391960101
-0.4082474238095237,-0.6946980429795834
-1.911581632512315,-1.83787911520279
-2.332429217857142,-2.3631185439022957
0.05759197857142847,0.04523624895782298
-0.1367188404761898,-0.3604946882533029
-2.731023571428572,-2.6896972749024832
-3.015284235714286,-2.9867571972837315
-3.273610407142857,-3.1541139251501598
-0.4488106523809532,-0.4762457780024287
-2.073804385714286,-1.976593467571215
-3.10676695,-3.0661224653279873
-0.916829735714286,-1.0247516796528986
-0.6051039000000001,-0.7501893395228916
-2.966671753571429,-2.946834018971146
-2.658100514285715,-2.3771703655331935
-2.099107878571429,-2.0491563267699724
-2.550190057142857,-2.683988954741907
-1.176168771428572,-0.9064113234122086
-1.362230471428571,-1.2793390549792691
-0.9922725571428569,-1.065484069990985
-1.487722717857143,-1.5333326846555286
-2.608081214285714,-2.443188727148078
-0.6332515928571425,-0.5819549676062958
-3.338202085714286,-3.0280176969749446
-1.663677628571429,-1.549716029425643
-2.397388742857143,-2.554894300991201
-2.805494699999999,-2.8466366459938572
-0.8397411285714281,-1.5346237776037948
-0.5018855749999999,-0.8214481871294191
-3.288115778571429,-3.157290910038464
-1.590908785714286,-1.6862887819712342
-2.151514187684729,-2.1726425834392367
-2.483820964285715,-2.317037796361043
-3.017455757142857,-2.9095909870742602
-2.973957342857143,-2.60526081223014
-3.220781121428572,-3.186524436244518
-3.159176085714286,-3.1233573933968617
-2.730567378571429,-2.7185485633326154
-1.371570957142856,-1.2021166481781698
-0.707427614285714,-0.982963545036757
-2.853591128571427,-2.681815590956949
-2.291672014285715,-2.472617696703464
-2.964188678571428,-2.8998306798924465
-1.644703850714285,-1.440152651367543
-1.007347676190476,-1.3914490752999846
-0.3258335547619048,-0.6552747947191376
-1.722130628571429,-1.6956487694871019
-1.659232228571428,-1.6219484781544145
-1.380145235714286,-1.4769370130472284
-0.3690130571428578,-0.4703268362223918
-2.917180485714285,-2.547792071490572
-0.5110063642857143,-0.46462408416609935
-1.224926433333333,-1.526201830603674
-1.282052314285714,-1.2289911939652345
-0.7831984999999995,-0.9771884627480527
-0.2846604221428569,-0.48748464360930804
-0.6132443952380952,-0.7486973658646997
-1.587637307142857,-1.8093268503748874
-2.093203592857143,-2.250089098923898
-2.303830414285714,-2.5540692856872425
-1.891751121428571,-1.7884399653336578
-1.344599127750411,-1.8775809276663633
-1.23368425,-1.3577200024204252
-1.520111304761905,-1.4114572789739113
-1.502556735714285,-1.4596755301529378
-2.453844828571428,-2.5887377591559484
-2.567152961904763,-2.2792046661825567
-1.118527985714285,-1.087918180330242
-1.040157785714285,-1.1738326790656275
-1.150061282512316,-1.1383047663806503
-0.2472311095238103,-0.3122273606941333
-1.9242707,-1.5877134203556142
-2.392337189285714,-2.12565569335307
-2.120337361904762,-2.079786061717421
-0.7921041214285717,-1.0390196115640074
-0.6471012210180623,-0.9200026082269754
-1.511228296798029,-1.2061143452249394
-2.399540664285714,-2.327976653871271
-0.9403201999999996,-1.0673112326038976
-2.373533561904762,-2.2523486539360102
-2.03309605,-2.092803531870139
-2.1534717,-1.933024086670341
-0.5456138571428569,-0.6493967914942397
-2.079621438095238,-2.2283433799623453
-1.169192192857144,-1.2005417768012159
-1.106269614285714,-1.0340491292734946
-2.276201592857142,-2.4578379372068775
-2.23602845,-1.747455759633385
-1.881963807142857,-1.9285071497243247
-2.765665610714287,-2.2218505955871444
-0.8348289523809527,-0.8184020451764864
-1.961321033333334,-1.8544517782420311
-2.052151414285715,-2.1004222227799003
-3.006225485714285,-2.8998701622839897
-2.894739610714286,-2.846830311085184
0.03900458571428597,-0.1140570113792636
-2.307431038095238,-2.2478772054386877
-2.612343228571429,-2.485975529525149
-3.238353335714286,-3.19319388806692
-3.144584485714285,-3.0730358504519972
-1.127457571428571,-1.104493962831391
-0.1562763142857142,-0.21609641625963705
-2.24048739047619,-2.1893179224968713
-2.141887342857143,-2.23066064933229
-3.219405157142857,-3.186940859603447
-1.6761717,-1.9160618099959217
-1.475933485714286,-1.4831122284512108
-2.775122199999999,-2.5462392367171294
-0.4495444476190476,-0.570588194903937
-2.735574276190476,-2.6108006245521067
-2.869814392857143,-2.849844283598607
-2.415226592857143,-2.386478642122881
-2.538106485714285,-2.0567550225140048
-1.114150001428571,-1.2168184702766132
-2.589012235714286,-2.5802074038610545
-0.7712514023809527,-1.0038947592212015
-1.219178871428572,-1.4707195359729508
-0.1641152285714286,-0.2806061858517697
-0.9570339428571424,-1.5429084915192783
-1.392512364285716,-1.4216138010748
-2.124993814285714,-2.3320463397392257
-0.7539640214285716,-0.6501292113483069
-2.067617914285715,-1.8869977010298304
-2.394759450000001,-2.5683760081597344
-3.157358385714285,-2.943228973632231
-0.6815799500000003,-0.6743052932780783
-1.086113342857143,-0.9033538032924936
-1.94756235952381,-1.8871235089997551
-2.601573385714286,-2.072292894205387
-2.09094927142857,-2.253122714623134
-2.802207942857142,-2.718674118019635
-2.663494342857144,-1.9281432480348581
-1.207675373809524,-1.4710598573061118
-1.113712866666667,-1.5082973459717353
-0.773806399999999,-0.7956368436771928
-2.201466950000001,-2.3253373890078786
-2.295478307142857,-1.795066338351812
-2.793957914285715,-2.5000138682272475
-0.6959584285714284,-0.570989696134854
-1.254346292857142,-1.2440624309148645
-1.287941664285714,-1.328551502067592
0.2098362999999997,-0.19309360022382457
-1.801059457142858,-1.8808492335902056
-1.907055485714286,-1.3517110970097492
-1.019034521428571,-1.1901367443689668
-2.130982299999999,-1.9385942275826595
-0.6074669857142858,-1.188252797295161
-0.9257125738095239,-0.8205953887600836
-0.8596700809523818,-1.1919595962566356
-0.3232167714285715,-0.47264296372823206
-2.395795038095238,-2.31519856842674
-1.154321287684729,-1.5586478414033194
-0.3653849499999998,-0.46624322371401095
-0.8986686285714279,-1.459324254102653
-0.6969080333333336,-0.7627457478728703
-1.98362555,-2.105499060988555
-2.65289212857143,-2.8013562824794365
-1.222629628571428,-1.635620616854304
-0.7768108047619044,-1.010488442820447
-2.639382807142858,-1.9733429427616245
-0.9847354142857141,-1.085736162842085
-2.534878565,-2.4116389429667304
-2.396134407142857,-2.2694139786589247
-2.668336014285714,-2.1863176410958625
-1.7485532,-1.55515416529832
-0.1958911642857143,-0.2495113745118024
-0.4225047999999997,-0.513651520556813
-1.49221752142857,-1.4845211169266246
-2.242384557142857,-2.1053269151190497
-2.459382735714286,-2.363258819109364
-2.923660778571428,-2.8445230521585123
-3.331713807142857,-3.2171986325407227
-0.6360826285714286,-0.5867837041765197
-1.132602057142857,-1.2449041555458955
-2.557373992857143,-2.384818948218758
-3.096283092857143,-3.1124541376059307
-2.065510771428571,-1.5561753754409822
-1.639333449999999,-1.81674878556947
-2.13451645,-2.4081243979577622
-3.06668995,-2.691817366457158
-2.6427574,-2.5750653390416924
-0.3920620357142854,-0.7453354308588271
-2.688062200000001,-2.73329158438335
-2.921100529365079,-2.95319840026597
-0.9498025214285712,-0.7654801107581755
-1.169297992857143,-1.1820346562163249
-1.411030289285713,-1.7237841296274228
-1.355481259523809,-1.4776651974091477
-1.914813803571428,-1.6624504538548877
-1.737828942857143,-1.5696858521398764
-0.3757907714285719,-0.718668399751203
-1.643586575,-1.7556830681601556
-1.105420307142858,-1.1249443512763069
-2.184378821428572,-2.4379306019014133
-2.544127521428571,-2.3726947790420394
-0.6540516285714284,-0.7922550848810056
-1.974475235714286,-1.9224445392171723
-0.6252005000000008,-1.0018105530342858
-2.5685536,-2.6075107826740713
-2.787691935714285,-2.783828266438441
-2.717870728571429,-2.647256496960013
-1.374905921428572,-1.306834370782489
-1.852079285714285,-1.6764311939936316
-0.1032349928571428,-0.4869787115844988
-2.890039092857143,-2.9206692756576675
-2.460936592857142,-1.9142602209329351
-3.307761842857143,-2.858620988667163
-0.438979735714286,-0.6600802763492543
-2.473239260714285,-2.381128012553558
-1.732489771428571,-1.7251385980446758
-1.992642033333334,-1.29692139750386
-1.10039545,-1.3681132648799914
-2.541710235714286,-2.7147390699456273
-1.035123142857143,-1.3223234690441497
-1.491397771428571,-1.6826630214359568
-2.514733535714285,-2.2135485446006054
-1.894154092857142,-1.9218978339938566
-3.189089907142857,-3.1891019507860925
-2.33556114642857,-1.8134641935450262
-2.782028985714286,-2.7952378300921246
-2.731299807142857,-2.7660858699850484
-2.178531330541872,-2.206475384622515
-2.644363821428572,-2.6108142207779563
-0.7198512554761903,-0.5984912347078413
-1.096521514285714,-1.5591196675762422
-2.701018178571429,-2.8220478616544753
-2.101069178571428,-1.9157108808961107
-1.087467557142857,-1.3741336733888663
-0.9270303047619051,-1.3323198752202559
-2.160363961083744,-1.7958217759106192
-2.557018914285714,-2.614624929128226
-2.953072807142858,-2.458470350414315
-3.172428035714285,-3.0372215405696914
-3.322644042857143,-3.002566015684047
-2.964260914285715,-2.8980472638600143
-1.758731192857143,-1.5894528638504932
-2.805401878571428,-2.910273676355412
-2.373903635714286,-2.2555921392928715
-3.218671835714285,-3.2064567225504668
-1.505073878571429,-1.494436953144095
-1.23257595,-1.2894705646679445
-1.329202164285714,-1.1395783339005514
-1.635932714285714,-1.660741220759145
-2.177839242857143,-2.277648956510702
-2.759724842857142,-2.7731043544236975
-1.711053992857142,-1.5992322304051905
-1.671419342857143,-1.7584716038904977
-1.289526735714286,-0.8943742492024537
-2.142348907142857,-1.9996667870855507
-2.65922555,-2.633370156140136
-2.354215676190476,-2.248685346003084
-1.426862485714286,-1.5481229672864227
-0.1845271785714284,-0.652760063053002
-0.6330454999999999,-0.5827521629583806
-1.521657628571428,-1.5676224803073515
-2.639735307142858,-2.6080776274018667
-1.70947445,-1.6666638419680304
-1.068408592857143,-1.108837641717537
-2.946063592857143,-2.9258156142163627
-3.258205442857143,-3.0104443732163673
-0.8289827357142856,-0.8594951153009618
-1.606280271428571,-1.9305585976158102
-2.550023364285715,-2.203268998309304
-1.727840092857143,-1.6236635419361258
-3.257770449999999,-3.150344857960315
-2.723669792857142,-2.6341801190952285
-0.5996107595238099,-0.5404259034703832
-1.855448057142856,-2.0762223375625637
-2.146854675369458,-2.0227431349563125
-2.378290907142857,-2.2126736956956776
-0.6452601285714294,-0.727958022925081
-0.4857673305418717,-1.1948012565962056
-1.827266242857142,-1.7340730731081657
-2.310457961904762,-2.296202286734296
-0.9084293321428569,-0.9240299579755176
-2.4318098,-2.0451046667579997
-1.670362450000001,-1.5136383820194264
-2.770757460714285,-2.663625318061814
-0.4553154142857139,-0.4831972513018851
-2.711406407142857,-2.630419301638827
-1.242209864285714,-1.2312554179081623
-2.854438453968254,-2.9162917631106797
-2.476739114285714,-2.067178963642795
-2.025515807142857,-2.0682622131359127
-1.990461518226602,-2.0472384352254087
-1.207506628571428,-1.1263492832745106
-3.248006157142857,-3.0448238760215767
-1.3518032,-1.4672421393515773
-1.525104497619047,-1.5454911079402114
-2.539282492857142,-2.347958780496949
-1.218436364285715,-1.2583611893420372
-2.519866478571428,-2.598689190120121
-1.847390414285714,-1.5483404624829626
-1.460116247619047,-1.5615600801371825
-1.671470164285714,-1.663518640732325
-1.077511036428571,-1.3169512707115087
-1.548597064285714,-1.4987340808179046
-2.046042914285715,-2.1098188589157925
-2.907601878571428,-2.9336809823463907
-1.8581337,-1.8961326578375985
-2.942052828571429,-2.3610764633113557
-2.115222366666667,-2.247658907935572
-0.2634692078571424,-0.4999534172047781
-1.099472071428571,-1.182757993431763
-1.356942242857143,-1.4849684195072472
-2.090003364285714,-1.994091907833761
-0.9587377157142853,-0.9152292424818802
-2.336918152380952,-2.3088745053121906
-2.038265757142857,-1.9887879482758868
-3.217811657142857,-3.195937150393123
-1.454742342857143,-1.5106763278836712
-3.017946457142858,-2.9245468205367864
-2.478403842857143,-2.233442408839043
-2.38108145,-2.155438996098867
-2.667049021428572,-2.577798433943454
-1.676635485714286,-1.5308863798679229
-2.148368985714285,-2.0284177737428872
-2.930731557142857,-2.516776699969763
-0.8290721928571436,-1.021237685307959
-0.9549353071428582,-0.8785410033829248
-0.1716683571428571,-0.5402315996385216
-1.921107335714285,-1.7161626030927277
-0.4834959142857146,-0.5452597181092874
-0.2832570142857139,-0.3471344734615966
-0.5505672928571431,-0.42467089536167796
-2.314968350714286,-2.3667785339872993
-3.268895135714286,-3.2044321708522583
-2.335658057142857,-2.304111098282712
-2.697464235714286,-2.545456720420029
-1.364869487684729,-1.623863890793693
-2.514051907142857,-2.5884798383677468
-1.16390124047619,-1.1156292354323396
-1.069317057142858,-1.0540688716327162
-0.2793162000000002,-0.4304450246150118
-2.338509930541872,-2.2352008514464003
-3.538115557142857,-3.22288653235062
-1.586316485714286,-1.5942544930458364
-2.515511503571428,-1.7712869999407157
-1.192562294827587,-1.4512380451753912
-1.023576557142857,-1.431730970858137
-1.541720676190476,-1.40471544739388
-2.5527235,-2.457879287128713
-1.150247235714286,-1.4243987523971087
-1.557020357142858,-1.664109446290718
-1.978627328571428,-2.0971731589181166
-0.1356641935714283,-0.2253311412902637
-3.056811585714286,-3.093259648100917
-1.162990467857143,-1.3050529797140993
-1.483874057142857,-1.556220144693359
-1.369917422142857,-1.166134119308361
-2.687699321428571,-2.8180997026802466
-0.9900497642857147,-0.8964556062108121
-2.008019728571429,-1.673755869810962
-1.20028485,-1.1358579968015101
-2.6181089,-2.6011735419963915
-0.7223126999999993,-0.7775861593826844
-1.420882521428571,-1.094493367776563
-1.058591733333332,-1.2248690663705113
-0.9437625071428565,-1.0233897529535143
-1.737691021428571,-1.5606941377919339
-3.084560607142857,-3.0978062500894143
-2.784323407142857,-2.6989664605517687
-1.640782792857143,-1.7012622403439768
-0.1365645142857141,-0.34202347394392124
-0.9694115095238099,-1.3156985190294417
-1.770172735714286,-1.1400842392073933
-3.106735871428571,-3.094435716928382
-2.584041676190477,-2.307488571960454
-3.018591043650794,-2.843818726871617
-2.266587285714286,-2.326379549299261
-0.8089637023809522,-1.1332766217026269
-0.3102614666666668,-0.43831285147950233
-1.946560692857142,-1.9138269501326506
-1.687707978571428,-1.5987185567930893
-0.6470386047619046,-0.6517446383294918
-1.277479167857143,-1.1630900848955779
-1.12678839047619,-1.126736415030924
-1.143282853571428,-1.1204768962518519
-0.8152071999999997,-1.5280895358964273
-0.9524076162561579,-1.4543117968875106
-2.77500265,-2.783829400776675
-1.09497775,-1.170960642913916
-0.7059219738095247,-1.004195561013554
-0.8507172357142865,-0.9060248555840199
-0.4024425095238092,-0.6236076634188458
-1.003453783333333,-0.8737928545857986
-0.8504479500000001,-0.8906815443490878
-0.6368839023809524,-0.6536272169518766
-2.981308271428572,-2.8264729735908634
-2.304241485714286,-2.2447918715954653
-0.5169486285714286,-0.7495824613588812
-1.287731283333333,-1.4666708723642403
-2.746364164285715,-2.725038482484689
-2.681591492857144,-2.577983128069094
-2.613969700000001,-2.4900443298069654
-1.509206152380952,-1.3946420288372892
-0.8441511285714286,-1.013494263046125
-2.5803383,-2.490905782729866
-0.9468929892857142,-0.9877443540302484
-2.545423789285714,-2.5710252175991024
-3.103097892857143,-3.020065640489245
-2.454397835714286,-2.20169500397491
-1.752975321428571,-1.8640522082408044
-0.6368391714285718,-0.5734886369493745
-2.567671199999999,-2.512925441713699
-1.605263500000001,-1.6373176628525374
-2.9439576,-2.8311812066417894
-1.474472785714285,-1.475620432534992
-1.156546723809525,-1.0655614608705513
-1.775965603940888,-1.5718242149678048
-1.448135168253968,-1.3462451716113681
-0.9690819253694579,-0.8441591990476593
-1.138513092857143,-1.2080081226522466
-2.469291414285714,-2.296658895471833
-2.258829664285714,-2.1570162362844596
-1.607154128571428,-1.4483579556130324
-2.698278128571427,-2.8051286851806783
-0.7734785857142867,-0.8447634192900141
-1.36017505,-1.2138246416930727
-0.5538308428571425,-0.5299476233040932
-2.554207707142857,-2.6303452449466027
-1.893837157142857,-1.809734042575499
-1.921949057142857,-1.8747829052612461
-3.209399021428571,-3.1662618631620676
-2.366947557142858,-2.0979119477259065
-2.241376271428572,-2.0506100723022813
-1.940258157142857,-1.8646759181403585
-2.005911657142857,-1.7736597275278132
-2.712847992857142,-2.8069756923393463
-0.9229726999999995,-0.6594711671109591
-2.359613635714286,-2.275185533905577
-1.988752307142857,-1.938321505713938
-2.181224104761905,-2.1943059003856416
-2.71602105,-2.701280772971961
-0.8781270035714286,-1.6145219482566924
-0.4966383071428564,-0.4880847404180161
-1.995345371428571,-2.2301681299844867
-1.303426871428572,-1.7199744922722704
-0.5955070928571432,-0.7493328433535142
-1.530890807142856,-1.5872088958712232
-2.753664699999999,-2.7540001935445995
-2.333713057142857,-1.9491550387139431
-3.239944542857142,-3.0283718903480477
-2.676157985714286,-2.496265756720537
-0.8180345750000002,-0.9331900691363941
-1.6974167,-1.5411212253014759
-2.390283435714286,-2.5715023202325704
-3.001248057142857,-2.757431947686786
-0.7788245035714283,-0.7525535511916932
-2.001447014285714,-1.9875927286562984
-1.059997447619047,-1.5567292861337683
-1.411785485714285,-1.494680800559779
-3.013151378571428,-2.7556764406303693
-0.2351812571428573,-0.4366107995854095
-3.126899092857143,-3.0698913201149343
-0.7792414935714282,-0.5985517888355195
-2.489619176190476,-2.297868154111447
-2.319541164285714,-2.2307040455710005
-3.033825664285715,-2.966976281453945
-2.775018493571428,-2.4148226880244925
-1.347236978571429,-1.3838914201078045
-0.5411985142857151,-0.5698133091608195
-1.213355557142857,-1.2031668334353085
-1.488031592857143,-1.176095965936952
-0.5544392238095242,-0.6621889094805191
-2.997322821428571,-3.1297999473290217
-1.276555285714286,-1.2818580240867052
-1.737439292857143,-1.5197238264608413
-3.028963985714285,-2.8961192176907775
-1.450382323809523,-1.0557731770884833
-2.817172421428571,-2.7691359294842997
-1.544708860714285,-1.3139733069749246
-1.348108325,-1.3919606810254739
-2.886332896428572,-2.8437879719992214
-1.736242664285715,-1.7437358214432512
-2.654450985714285,-2.2065882508790473
-1.958108271428571,-1.548205339835109
-1.948492242857142,-2.118732951017828
-1.541953557142857,-1.4452536800974698
-2.422123478571429,-2.2177729475361323
-2.329382609523809,-2.0327061219543325
-1.428503092857144,-1.381405111608664
0.3075083714285713,-0.09418350650212531
-0.8615282285714281,-1.0615603852710893
-2.483136478571429,-2.2300386619685177
-1.923046557142857,-1.7639650146426413
-1.731587985714286,-1.4713798838451517
-0.7577039499999992,-1.1170531629954994
-2.885468164285715,-2.8869131086156425
-2.041003628571428,-2.018541042628926
-1.583606342857143,-1.5481849572153554
-3.322218864285713,-3.245709308778032
-1.6369417,-1.683350914695259
-1.37067912063492,-1.4925171890799536
-1.720932449999999,-1.7401533887871559
-0.8186458666666658,-0.7385846634353499
-2.2584876591133,-2.2724953506793986
-1.879031647619048,-2.090191127106204
-0.9744874500000006,-0.9360982625706021
-2.422047576190476,-2.2618142167761466
-2.653846204761904,-2.5897274166168573
-2.514184180952381,-2.3006465843491566
-2.196498828571429,-1.9404839925981001
-2.466156964285714,-2.3140810162056447
-1.406867557142857,-1.4226371655879262
-2.180317950000001,-2.1152175689695834
-0.6477788071428568,-0.7534670524875869
-2.1930503,-2.034712302737712
-2.183737104761905,-2.2009626601723142
-2.540350857142857,-2.5819102470341377
-2.245895807142857,-2.156753179273477
-1.242713914285714,-1.4847759622899614
-1.347769807142857,-1.3965435352260405
-0.405670717857142,-0.6380482381298899
-2.783119132142858,-2.6725945430982496
-0.0664194285714288,-0.43250204407751436
-2.600748592857143,-2.676395584406293
-2.103128142857142,-1.856455417596269
-1.344287764285715,-1.4693809464040406
-0.6962013085714283,-0.8071526741413142
-2.582866085714286,-2.488814324127804
-0.2715773904761904,-0.6411732807732455
-1.322104485714286,-1.008981242375019
-2.037271771428571,-1.9208035351667336
-1.142470235714285,-1.1545098133577751
-2.347249628571429,-2.140438095387228
-1.574412485714286,-1.6521969617202619
-0.2159811857142862,-0.23808391315268343
-1.113818288095239,-1.0560650481835798
-0.9841856523809521,-1.472004076022534
-2.555416890476189,-2.4208301945091635
-1.263130478571429,-1.2650592018884683
-2.900404922222222,-2.8755003881230965
-0.8489246761904755,-0.8629827904275658
-2.905154057142858,-2.913162371763766
-1.178623714285714,-1.4157523429132375
-1.436776164285714,-1.3080713868987222
-1.452195621428572,-1.5298223881184074
-2.264596657142856,-2.3154556367714734
-1.4499352,-1.5145532011153726
-3.020185514285714,-2.9075590064612986
-2.101361878571429,-2.048031684004612
-2.308998621428572,-2.284927806175359
-1.663536700000001,-1.648780021334143
-1.819693378571427,-1.4160748098483562
-2.607828771428572,-2.2754490377645675
-1.862778707142857,-1.4641454783228713
-1.339161532512316,-1.3794304474496129
-1.293797914285714,-1.5241450077791519
-2.915249271428571,-2.8704106284689974
-2.349776714285714,-2.0630755118529294
-2.404764285714285,-2.5749300975809017
-1.031876920238096,-1.393728340948263
-1.285861045238095,-1.5324653752002604
-2.478604950000001,-1.9854182385106336
-2.046594342857142,-1.8706422814268193
-0.5652203071428578,-0.7137757949181319
-1.777145057142857,-1.5589034472682888
-3.264630949999999,-3.211139067651256
-0.7773956571428572,-0.8019393429958127
-1.463504482539682,-1.4719241057038777
-2.902738128571428,-2.862614486213119
-1.851164135714285,-1.6498637773801472
-0.5142426428571432,-0.48519320287060697
-1.45997839047619,-0.9835909457734161
-3.496942771428571,-3.1329288799058275
-0.9381596142857143,-0.9593977798198849
-0.4608296642857143,-0.4661157741802372
-1.635995964285714,-1.5783871948968118
-2.155094307142857,-2.1979096875456694
-2.432725549999998,-2.2799266138719343
-1.625202442857143,-1.5824115970908699
-2.063647985714285,-2.055075059295417
-0.9252593428571428,-1.3923280366732842
-1.417865366666667,-1.51688738900372
-1.369322942857143,-1.3878262593281916
-2.054493771428572,-2.026575770996921
-1.003889650714285,-1.1385542920433496
-1.734694485714286,-1.5734457623235767
-2.530654342857142,-2.360770016099643
-1.49379445,-1.4806758074895041
-2.965396165079365,-2.9418000497846326
-0.4276115749999997,-0.6517020878318835
-3.259389628571429,-3.181531992637753
-1.816502642857142,-1.8294416928360189
-0.8655816047619049,-0.748611961916566
0.129940435714286,0.08579325776700701
-2.326190007936508,-2.505233322966746
-0.5581598030952384,-0.5831205302368843
-1.388467771428572,-1.429035851768169
-0.5559324047619043,-0.6141905371039603
-1.777869885714287,-2.0214193080018865
-0.9307756442857144,-1.1578072064270657
-3.301180621428571,-3.206757743883488
-1.491418021428571,-1.4891164443936449
-2.645890342857142,-2.0910905436889697
-0.813166128571429,-1.1131910550529955
-2.647807035714285,-2.546979249239081
-1.223497789285714,-1.1873029329439624
-0.5199012357142853,-0.5949583547979386
-2.17795024679803,-1.9961461281607618
-1.48441239047619,-1.6196997378737643
-1.496760657142857,-1.5854571838572786
-0.5178630571428567,-0.5249050872877566
-2.127964728571428,-2.106001169103916
-1.431503371428571,-1.4884316564062423
-1.167634271428572,-1.243988243724826
-2.458258321428571,-2.540787443201536
-2.728726021428571,-2.372177321444981
-0.2886345809523811,-0.44472640593964735
-0.7986222714285718,-1.0814104356776322
-0.7449316642857146,-0.6103164664257477
-0.5974485649999995,-0.5332055268254107
-3.203085885714285,-3.1619632578360855
-1.734202182142857,-1.670446943553485
-3.173941471428571,-3.166106815254564
-2.729994164285714,-2.604077432140209
-1.192250071428572,-1.2566417626042203
-0.2440605571428571,-0.5986039878352597
-2.514658878571428,-2.636363884698485
-1.574686328571428,-2.003787938819397
-2.945626628571428,-2.959153033050995
-3.134641478571428,-2.408913651164842
-2.154457985714286,-2.0160155103551674
-2.541857628571429,-2.2177914461337154
-2.138488699999999,-2.085854144494671
-2.165565466666667,-1.439769255292598
-0.6547908357142853,-0.9557129243449956
-1.400533197619046,-1.3809817682504157
-2.000186328571429,-1.997327695996527
-2.178296044827586,-2.0039543028040283
-0.6685760357142857,-0.6730997830558535
-0.9885849738095241,-0.9094988057807181
-1.173060672142857,-1.0524398557488135
-1.20081385,-1.2980082424724806
-1.337325664285714,-1.3960304965249277
-2.068985604761906,-2.0638494487609576
-2.267598878571428,-2.2852632511865316
-1.196119521428572,-0.7402544290035256
-2.728796978571427,-2.5774089540706524
-0.6931344499999993,-0.5847427281269705
-0.8005241571428563,-0.930885082989874
-1.228622104761905,-1.220326948290352
-1.463338414285715,-1.3196614601069492
-2.734113029365079,-2.364121224056883
-1.505326446798029,-1.3254773878629489
-0.6613708428571426,-0.7039072768415587
-2.099501628571428,-2.121884222661491
-0.1765253228571422,-0.4917205463043433
-0.1043051428571426,-0.41446734101208194
-0.9215883404761905,-1.1613413486989936
-2.577379835714285,-2.573334034470686
-3.202222878571428,-2.760070735059922
-2.270963565,-2.348582930375946
-0.6015802714285715,-0.5949598220696837
-2.790395557142857,-2.616102228360356
-2.881681771428571,-2.9211868224988455
-1.128616146428571,-0.9658557716781428
-2.724543664285715,-2.8542835641117215
-2.166181414285714,-2.1192933669988054
-2.262494828571428,-2.129581530793338
-0.7233261285714286,-1.027910480718231
-2.752790200000001,-2.8270271495258843
-0.8624826928571429,-0.9867241297233545
-1.457122914285714,-1.485153971686486
-1.103127519047618,-1.2150573573240133
-3.191305557142857,-3.1427281983009303
-1.131954305,-1.104824396882807
-2.359242635714286,-2.3227682235264018
-0.9844939952380953,-0.9451773384434696
-0.3855900214285717,-0.43847589325102376
-2.1292232591133,-2.228892516976925
-0.996835354761905,-0.9046640481429293
-1.397406585714286,-1.5982510373002627
-0.4094994380952381,-0.6421756678801042
-1.773892842857143,-1.7506715278575704
-1.428017885714286,-1.3819263585534252
-0.8567610571428576,-0.8273831053570474
-0.923032042857143,-1.2987544095099772
-3.146387628571428,-3.080368424786676
-1.861460271428572,-1.9150846044300767
-2.87627245,-2.743601894873373
-1.624055164285714,-1.40350559791246
-0.6985657714285709,-0.831569797897981
-1.874672266666666,-2.1579045059762105
-1.7136652,-1.6995542078404215
-1.626257575000001,-1.6477110326610236
-1.197985164285714,-1.209616766371152
-3.33225225,-3.0916558386585646
-0.7114222976190477,-0.720564226364734
-0.9291075809523812,-0.872524526545651
-3.412182253571428,-3.192821722243218
-2.089986557142857,-2.0303846712089393
-1.000990207142857,-1.0216953131539868
-2.143678290476189,-2.0533723946315847
-2.532039307857143,-2.434004309073312
-0.8415326523809524,-1.392673829442243
-1.383074551190475,-1.288567391311216
-2.655710735714286,-2.8341615860188534
-0.814477216666667,-0.9344063057059986
-2.779467604761905,-2.5153416138697793
-0.4126583428571432,-0.42544966972008025
-1.084003223809524,-0.7558730825014358
-2.583681257142857,-2.6119082857059537
-1.293796935714286,-1.2553773376753727
-1.674028307142857,-1.3854236597223242
-2.058142128571429,-2.0103915936825834
-1.95884614047619,-1.8752650782843912
-2.85228605,-2.7591599618090563
-2.368627485714287,-2.220988801675262
-2.733776064285714,-2.6724698272985643
-0.6245553785714287,-0.5842548618769297
-1.826371878571429,-1.7163100312106467
-1.691108203571428,-1.9757294666116114
-2.225241896428571,-1.8103599947163944
-1.946750564285714,-2.005079185808016
-2.306290985714285,-2.0772569923704918
-1.353806842857143,-1.4194559353531297
-1.479147896428572,-1.4951958700242856
-0.7859223785714283,-1.0069507790175538
-0.9314853047619042,-1.1588530615336043
-0.6591112000000001,-0.7941149587553078
-1.03552205,-1.0062780970970935
-0.3359146162561569,-1.2324048979554416
-2.165230572936508,-2.155887077178489
-0.9594084428571428,-1.084238456167978
-0.9706122357142856,-0.7529745780945979
-1.527288378571428,-1.6085873128438934
0.1742298857142858,0.09960785093197282
-1.707342485714286,-1.6376384479742983
-2.899237942857143,-2.583633288725357
-1.389104485714286,-1.2577136280307395
-1.036224595238096,-1.4508523615037863
-2.840764307142857,-2.7213050259074185
-2.429984961904762,-2.098133537948586
-1.5517577,-1.6672277145381578
-1.329585485714285,-1.3769807515702157
-2.799148521428571,-2.800059830405473
-2.418898092857143,-2.3903769572446087
-2.520462899999999,-2.534797128790285
-2.822465085714287,-2.3907467757163556
-1.710753025369459,-1.5265780117426155
-0.7770234857142851,-0.7963898641087663
-2.296287835714285,-2.26917372270221
-0.910568080952381,-1.000616596666138
-1.105330414285714,-0.7400322919819194
-2.846862973399015,-2.302774280421389
-1.784318571428571,-1.7197574132640734
-0.8652062714285711,-0.8632374268005395
-2.353318228571429,-2.5174227890331107
-3.432896139285714,-3.1956929311238227
-1.902497636507936,-1.7375258295598015
-2.9783862,-3.1660212289834155
-1.389142580541872,-1.51813055453372
-1.02579494958949,-1.3920326274138237
-2.124962092857142,-2.213959557855237
-2.614091290476191,-2.313038726651376
-3.155590971428571,-3.069742262132988
-1.690274692857143,-1.7771535418572961
-1.002464307142857,-1.0240579354818642
-2.476615085714285,-2.2535967346430232
-0.7322094857142858,-1.4596327276623373
-1.516062057142857,-1.2374125862541763
-1.358504704761904,-1.3197357261479703
-0.8093102785714288,-0.7726379103495364
-2.804632700000001,-2.5770387700530573
-1.706203035714286,-2.0667099909204234
-2.342316319047619,-2.3025986625291233
-1.5065904,-1.5484616171225045
-1.128329985714286,-1.4963453698951903
-1.160054814285713,-1.2003312083378495
-2.354326172222223,-2.4187217629772038
-0.8928088785714289,-0.9745235964896756
-2.66936891904762,-2.3110035322450964
-0.6024622633333335,-0.8538417081721098
-1.274208721428572,-1.2866828560204098
-2.554918964285714,-2.5579051126904564
-1.188432328571428,-1.1620756707768192
-3.086107021428572,-3.0268576374680785
-1.132550571428572,-1.0638753309259472
-0.1326144380952385,-0.40242600852514493
-1.389846514285715,-1.3328002080573387
-2.143076700000001,-2.082462830887072
-1.740735235714286,-1.8022750767688211
-1.619920414285714,-1.6509482834197398
-0.775417971428571,-0.8747516169443283
-1.080343923809523,-1.0404048248845317
-1.296615414285714,-1.4698246228785996
-1.227540628571429,-0.9466515111807559
-0.381113185714286,-0.45794185104142154
-0.5695683785714282,-0.7751737512404452
-1.875110314285714,-1.8630589017910129
-1.938524664285714,-2.065713083658235
-2.831056592857143,-2.868072273920811
-2.090380395238096,-2.1009014566707753
-1.272998557142857,-1.7371144138909158
-1.598343152380953,-1.6037261466191757
-2.354089864285715,-2.538543283588558
-2.325601057142856,-2.338107728255015
-2.760932085714285,-2.5247000839395803
-2.168038500000001,-2.3145181688255416
-1.143336525396825,-1.2032705537387356
-2.503731278571428,-2.1536935697430635
-1.032659384523809,-1.0297402317089195
-1.664408521428572,-1.6528286782798616
-0.5782081499999998,-0.906710531170789
-1.954835864285714,-2.00598486343975
-1.921289221428572,-2.0686508920276667
-2.300176565,-2.314583316745218
-0.5498385571428572,-1.2121388561485666
-1.82093127142857,-2.009031167928118
-1.14858306863711,-1.216792948632561
-1.065044826190476,-1.2029170588993678
-1.554850592857143,-1.2693872118717724
-1.769957042857142,-1.8198642565670593
-1.207311295238096,-1.7688765028657347
-2.023424371428571,-1.909527639679383
-2.334217271428571,-2.05026199502324
-2.264244307142858,-2.159027000246563
-1.932653176190476,-1.8548274874703343
-1.552149021428571,-1.5663958917114715
-1.749366878571429,-1.6583802694297387
-3.387850971428571,-3.1572992419393326
-0.8032992714285717,-1.5537861509597246
-1.216724676190476,-1.0264026655466452
-2.516702414285715,-2.4933189845931665
-2.059023821428571,-1.8670192172582818
-3.070422628571428,-3.0364677072025925
-1.608366485714286,-1.600504681795051
-2.666438378571427,-2.5934167718625507
-0.6600197357142861,-0.7545673641966039
-1.525801,-1.690700253832805
-1.170349557142858,-1.458502414566021
-1.781736635714287,-1.7400654160592959
-1.500523971428572,-1.7422810796482981
-1.154757342857143,-1.5209737122181588
-1.724002271428572,-1.638921836185897
-2.576211628571428,-2.4164830025098634
-3.404692971428572,-3.1017086033031545
-1.141091535714285,-1.2173012639125498
-1.287449485714286,-1.205743423227011
-0.9285909142857146,-1.0232251113057564
-0.7257263500000002,-0.7604435807005347
-0.596453607142857,-0.7565493089441631
-3.285570907142857,-3.2177269891782947
-1.680540057142857,-1.6538005423639839
-3.316366585714285,-3.06988997092526
-1.021826544827586,-1.5286003852357741
-1.819923621428572,-1.7927572163158974
-3.306285382539682,-3.1805817468818267
-1.400854471428571,-1.405017472588429
-1.672728028571428,-1.5672264728997367
-1.795791164285714,-2.135805380917239
-2.572933914285714,-2.49836092080014
-1.688671435714286,-1.4863425530970396
-2.457685033333333,-2.282872451616806
-2.574012300000001,-2.0434263154702594
-1.738531142857143,-1.633717315541656
-2.182103878571429,-2.0996550444546127
-2.451536592857142,-2.513430264642679
-1.985787628571429,-1.8739633932908049
-2.521864892857142,-2.539087915760793
-1.593234890476191,-1.657607427542811
-1.428720278571429,-1.3047689323190224
-1.272098514285715,-1.2553106983727977
-0.9757509499999999,-1.0944757317686846
-1.228098164285714,-1.2140347171689483
-1.20742639047619,-1.0704798385760579
-0.974955911904762,-1.2372626658946653
-1.111706804761905,-1.0726440641633253
-1.36030930952381,-1.458865682240743
-2.335188819047619,-2.299527392103929
-0.6963649121428571,-0.7423600522256318
-0.5746737642857143,-0.5083273654536398
-0.5919690452380948,-0.5256242118219896
-1.076631664285714,-1.1829580662753199
-2.109949021428572,-1.910218160833934
-1.924822842857143,-1.959674596109292
-2.430783128571428,-2.362824103693729
-1.106713150000001,-1.069950459594267
-2.366025271428571,-2.0989780360460077
-1.677164771428571,-1.618975253702342
-3.051196164285714,-3.088973536485362
-1.664651914285713,-1.2215704093454949
-1.740008235714286,-1.8287964724928887
-0.6796318428571426,-1.3261697859225434
-1.377731557142858,-1.6806489893912804
-2.723582307142856,-2.854559754827409
0.2104014785714285,-0.26230863968706875
-1.630891152380952,-1.3892422488543483
-1.9704268,-1.9729884410113776
-0.8019161285714286,-0.6715542944278603
-2.6017052,-2.465566930540426
-0.803613378571429,-0.5422140897905942
-1.671870328571429,-1.5460231928535453
-1.819536357142857,-1.8960727810736606
-1.577205253940887,-1.4423292195888162
-0.8723472714285714,-1.4450382670059363
-0.1481652714285719,-0.30960811903488844
-1.511621473809525,-1.58027537934845
-3.18833137857143,-3.0660605224143658
-1.374819021428572,-1.1229629970498376
-1.315540652380952,-1.4793614592989865
-2.714758842857143,-2.5093203317844983
-1.619373214285715,-1.6495080484303273
-2.424413128571428,-2.4542479465017086
-2.56816495,-2.562263971996442
-1.2868829,-1.2486951486467095
-0.8915649928571422,-1.1017298648812297
-0.4084501999999998,-0.5875102966572053
-2.408806485714286,-2.400293225547152
-1.508064028571428,-1.8197721112596514
-1.210985835714286,-1.242489191191666
-1.172576485714286,-1.203958770819135
-1.4893217,-1.4124717413988397
-2.363622286507936,-2.5513187719739565
-0.8591022690476185,-1.0041912071859405
-1.041474795238095,-1.066876163488707
-1.257044854761904,-1.4328380588928533
-0.7445450214285714,-0.7124734569844586
-0.7844109857142852,-0.6680519000954652
-1.560894271428572,-1.6668963540676631
-0.726105192857143,-0.7272419227559567
-2.003881628571428,-1.8346820357593925
-1.745482807142858,-1.862347353554006
-1.178993028571428,-1.5169252479368476
-1.294487952380953,-1.435932029559833
-0.7470067642857146,-0.8377760245057221
-0.622537342857142,-0.7349809377375389
-0.884628069047619,-1.1603850883173854
-2.299307828571429,-2.159477530163958
-2.512211521428572,-2.6509354617379683
-1.116613601428571,-1.1296842948269845
-2.416477323809524,-2.0801938379499023
-2.26869814642857,-2.0153716200577327
-1.528956116256157,-1.5927416334437896
-2.779785842857144,-2.48927144109499
-0.6952864857142858,-1.2718756035825378
-0.1106639619047622,-0.5409839337630133
-2.805639821428572,-2.698225896753139
-2.077597557142857,-2.011230419180214
-2.6034229,-2.5097447012762752
-1.651943985714286,-1.6473430788959222
-1.263039878571428,-1.2413198703895485
-1.701077085714285,-1.6197027234375447
-2.599175057142857,-2.4474014769935293
-2.618119892857144,-2.6139675462792353
-0.9476320511904756,-0.9387827142102733
-2.679073271428571,-2.4313695002442786
-1.501553882539682,-1.5374166804020266
-2.193594342857143,-2.1844679061928844
-1.140036128571429,-1.3161943244916596
-2.062139364285714,-2.1336011969786988
-2.675940371428572,-2.6125675499626917
-3.000131771428571,-2.9960176007010113
-0.6720198071428578,-0.6159354124936829
-1.437337842857143,-1.561796740780344
-2.777589692857142,-2.665973908687562
-1.134382479999999,-1.1508169877198178
-2.061890819047619,-2.0792172040385863
-0.9292503500000002,-0.9180416149734536
-2.355206430541872,-2.295903726122287
-1.236972033333334,-1.3875352380465924
-2.11132010952381,-2.0458400618809898
-1.607286985714286,-1.5786826457923828
-2.614492557142857,-2.5148706054929364
-1.775359485714286,-2.0312362648039364
-2.8527628,-2.62493513502477
-1.415968392857142,-1.4538975050287026
-1.794300600000001,-1.901511777140066
-1.461133771428571,-1.4333778219062683
-1.617032271428572,-1.6761501942384942
-3.093208614285714,-3.1180126828492996
-2.43284597857143,-2.2650468904726377
-0.4816525380952378,-0.4709062910521307
-2.144589064999999,-1.9502066828990876
-1.872549568226601,-1.837057080850884
-0.4085320214285716,-0.5789628456701311
-1.507209527380952,-1.294544356345162
-2.811217392857143,-2.7215566183933926
-2.171765521428571,-2.179041707472443
-2.553448785714286,-2.3347787948657923
-1.823743092857143,-1.6865773986790717
-1.746892628571428,-1.5292069075736827
-0.7478273428571433,-1.0213425772632854
-2.767359807142857,-2.8473834590330918
-2.607731664285715,-2.546355750051019
-1.769949925369458,-1.7918567119155926
-0.6572071523809525,-1.279922610831291
-1.388915923809523,-1.478445047821837
-1.608054545238095,-1.6498302987804185
-1.255013508702792,-1.1577994277490842
-1.706236032142856,-1.6676578037924197
-2.450291307142857,-2.3535774138632766
-0.8557109857142855,-1.0596437901198157
-1.731569971428571,-1.7270350696190104
-0.9518412714285718,-1.2594179007220976
-0.4602194666666669,-0.5089557905744716
-1.382623616666667,-1.4986810166378044
-3.260970371428571,-3.2094916625516974
-1.581062557142857,-1.5520850937272925
-1.169334319047619,-1.496130131893436
-2.690784671428571,-2.3032577693283653
-1.762480528571429,-1.6406728514926774
-1.972037842857143,-1.940776593753818
-1.311158949999999,-1.0342522017358615
-2.475032378571429,-2.5822501910182516
-1.106262080952382,-1.6096689797704165
-0.2321827142857142,-0.24220943843310652
-1.293337100714286,-1.519855727706201
-2.445317728571428,-2.4861727597475487
-1.197882580952381,-1.6030399640331892
-1.468258650000001,-1.8372277526916807
-1.358199414285715,-1.3573740837107717
-1.338791251428571,-1.2060658359388219
-1.111425596825397,-1.1769590808623096
-1.873306068226601,-1.8548318170973033
-1.956758085714285,-1.702063383805666
-2.816449386507937,-2.7932412624994645
-1.257294364285714,-1.3199857232896302
-0.6701672952380956,-1.0319783155695483
-0.9700381999999996,-0.7893736865418008
-1.728657771428572,-1.7409575422179313
-1.201363271428571,-1.2416200898625793
-1.427153914285714,-1.1820649732881985
-2.023329438095239,-2.0352917680486704
-1.4016357,-1.7374503840616033
-3.135730842857143,-3.133339984311062
-0.792840731666667,-0.5961406765625925
0.06638972857142836,-0.2042743471045643
-2.702565464285714,-2.7792802372740395
-1.592939164285715,-1.5168919806594898
-1.08377795,-0.9947833573672505
-3.055331771428572,-2.8563982949963695
-1.429944715714285,-1.3763074964357511
-0.3430122476190474,-0.5965438220199927
-1.18629135,-1.2598408962632708
-2.359410985714286,-2.2825614440332767
-2.390432985714286,-2.078129525249489
-2.316458600000001,-2.034339159016026
-0.518023557142857,-0.6373318269225641
-2.913942807142857,-2.9254019532871016
-1.020758289285714,-0.8727133284205009
-2.487105992857142,-2.5781277170681918
-2.439363442857143,-2.3900190370050205
-0.2981264500000001,-0.350519490303642
-2.385335485714285,-2.313366239574964
-0.5701797476190471,-0.875885982617998
-3.065863164285715,-3.101462562232951
-1.918125323809523,-1.5696374467767302
-1.01811925,-1.1661753516060993
-2.479315378571428,-2.353868964679373
-2.839901700000001,-2.877358270361325
-0.9767969071428568,-1.1182869001961855
-2.296454035714285,-2.4632726264573517
-0.8089463857142855,-0.8637352828316854
-0.8179769642857144,-0.9992428179795689
-1.546717239682539,-1.8410640930828732
-0.5997916880952384,-0.5898771360187778
-0.6403512952380949,-0.7185653498150635
-1.291875699999999,-1.225513710801509
-2.121709533333333,-2.194181797963978
-2.003906117857142,-1.6409554194720892
-1.2334518,-1.13083277249702
-1.374434664285714,-1.4074652446354126
-3.042096557142858,-3.097656149107718
-0.2895118071428569,-0.6475172085412808
-0.2250448357142858,-0.2823046726945984
-1.741930199999999,-1.4818166746556416
-0.8420735095238092,-1.7989160100410857
-1.898591342857143,-1.8683096267399975
-2.237187307142857,-2.2108745949484643
-1.241244714285715,-1.331666500199228
-0.6238279857142862,-0.6602675434988595
-1.930362414285714,-1.841280146675714
-1.059225985714286,-1.418033782146073
-2.755328092857143,-2.8469677512637945
-3.0523732,-3.015610831753654
-2.954272342857143,-2.8720839333554786
-2.282833592857143,-2.2494019990652463
-2.849131271428571,-2.5485526959957623
-0.5932483785714295,-0.7047191637139169
-1.206100164285715,-1.2557648179945664
-3.276898068253968,-3.1986807324356334
-2.541768307142858,-2.3887496877605177
-1.4917654,-1.4777891642850889
-1.264066537142857,-1.2829293008494198
-2.336081485714285,-2.2709022980645237
-1.5406264,-1.6409892704187332
-3.002886157142857,-2.9069804361101004
-2.524755961904761,-2.2581732127688996
-2.445225835714286,-2.5746735594908317
-2.787984371428571,-2.6801967153479977
-3.170707668253968,-3.1490302492038853
-1.626330842857142,-1.5920178707539177
-1.386656128571428,-1.4027310467953253
-1.129127366666665,-1.1019244273873374
-2.123087747619048,-2.180405141898582
-1.445823121798029,-1.5928210517124364
-0.783127164285714,-0.6293254247800044
-0.1882263285714286,-0.4169599468341617
-1.153197849999999,-1.343903296476919
-1.0815762,-1.2017933630102926
-1.961986973399014,-1.6018335828691124
-0.7156861999999998,-0.9419934937090731
-2.933302914285714,-2.9292681066690407
-0.4449985371428572,-0.4079880418806998
-2.319410964285713,-2.4068698900935317
-1.791039557142856,-1.7694787916676398
0.03859064142857197,-0.20208587824781965
-0.8116796047619041,-0.80146977166723
-2.505862228571428,-2.3390302340197655
-1.146457557142858,-1.0368421161100478
-2.187986657142858,-2.0932955209993116
-2.85579285,-2.54474936468725
-2.640155628571429,-2.717623935671302
-2.274004942857143,-2.268671955981041
-3.000258485714284,-2.9900392100344266
-1.411208771428571,-1.8502602123686132
-0.1044789500000002,-0.32647587947537676
-2.635865789285714,-2.629118307161996
-1.729935107142857,-1.6440001436458147
-2.686718657142858,-2.5156020687951184
-1.939928210714285,-1.6739820552846387
-0.1919003942857138,-0.34584684428274426
-1.203415771428571,-1.4368397053381492
-2.295420638095238,-2.255505449427162
-2.330492628571428,-2.310677477922772
-1.8882377,-1.8189989571770997
-1.017154342857143,-1.0065520117071693
-1.155938039285714,-1.6205231206467132
-2.3906397,-2.160666762724122
-1.675339178571429,-1.8382887335832065
-1.61650005,-1.6211707868427656
-2.817662842857143,-2.5791507334248993
-2.741044021428572,-2.612063007130626
-2.071463688095239,-2.2140766097044566
-0.6041763928571429,-0.4832167162122755
-2.629842514285715,-2.462818067191224
-1.378727078571428,-1.4785211005498078
-3.005822314285714,-2.906785914113793
-1.162609835714286,-1.0896794081108565
-1.005090664285715,-1.0686767103604509
-1.688112916666667,-1.604452771882203
-0.5988366821428573,-0.7256956825971571
-0.2772795935714285,-0.3380578040655875
-1.361694342857142,-1.4809302877848294
-2.591939065,-2.2369485662025776
-1.216734278571429,-1.2279080375993319
-1.318447247619048,-1.241922937299768
-0.79231365,-0.9179268010558936
-2.747971557142857,-2.459078015939205
-2.5828867,-2.3517287830944538
-0.5462620785714282,-0.620935188318102
-0.4505362499999995,-0.7002849052568892
-0.1732534857142863,-0.36468799207434455
-2.640657607142857,-2.7521250381026605
-0.4436575095238098,-0.46999031333988217
-2.899437164285714,-2.9069380911560136
-2.150808307142857,-2.192245850693432
-0.6539447357142859,-0.9164493737898813
-2.585416628571429,-2.5159857852340455
-1.664869557142856,-1.6352511180627847
-2.182613700000001,-2.2463219133355796
-1.486833357142857,-1.4618056928878271
-1.8671737,-1.6606971188921864
-0.9484158214285711,-0.7939174742909582
-1.105873628571429,-1.2761548201869295
-1.662735878571428,-1.6546701638066919
-0.8244126214285714,-0.959679630484513
-0.3132407714285712,-0.5248199966028025
-1.078061235714287,-1.2167699786748707
-0.4009420809523811,-0.47260845584349465
-1.295261807142856,-1.8901639758674886
-1.003787054761904,-1.2365338680908344
-0.9411390809523813,-1.4027960421225754
-0.3075145785714284,-0.3733967324852731
-0.3823480190476184,-0.6730297191191827
-1.524562,-1.7349314677083254
-1.356000735714285,-1.3584780189492875
-1.677692628571429,-1.9454754739150153
-1.996593521428571,-1.9730541160753725
-1.017282592857143,-1.1271458807293995
0.04789558571428592,-0.4966682376245754
-1.70476142142857,-1.6333458948095938
-1.454520185714286,-1.4664965731765505
-0.6063756499999998,-0.6985594823142869
-2.990343414285714,-2.879424818135799
-0.5845115928571423,-0.5289464066671179
-1.360367235714286,-1.4250761817740654
-0.08272369999999997,-0.14565771535487534
-0.7147827571428574,-0.5561792336975706
-1.538551557142857,-1.6322851981068958
-0.7034622892857146,-0.8011509998097662
-3.127808864285714,-3.087853321301885
-1.937762092857143,-1.9460071545193918
-0.5664951357142856,-0.9441757282318171
-2.217832414285716,-2.2072588936868436
-0.9280741285714283,-0.6893874048849913
-1.180496735714286,-1.305206945690524
-1.955962442857142,-1.9710421535948075
-1.430890585714286,-1.4395905552655517
-1.739774235714286,-1.8280100622527007
-1.607990535714285,-1.5717757656990639
-0.4877479071428569,-0.6784272537436521
-2.503170664285715,-2.4391476967176966
-1.451238557142857,-1.566048131776962
-1.634532223809524,-1.55321437421594
-1.519935978571428,-1.4335093990726293
-2.750715871428572,-2.550694640953968
-1.563590271428571,-1.6000093858404654
-1.754562328571429,-1.5398471269819858
-0.9843064738095241,-1.4535556998997547
-1.119959072857143,-1.0516323039463262
-2.923687514285714,-2.666721973874574
-1.690408057142858,-1.57690908205815
-1.040193878571429,-1.0881003941626002
-2.641230985714285,-2.6084595469136826
-0.6716995809523821,-0.9226346355970747
-1.367797009523809,-1.533788024651369
-2.243899235714286,-2.2703955414788646
-3.284970307142857,-3.209635264646391
-1.198974947619048,-1.5238900827097626
-1.624996557142858,-1.8740379760083827
-1.069622919047619,-0.9128912089449924
-2.267493064285714,-2.1509438067035314
-0.4042018523809529,-0.776750187273887
-0.1627771047619052,-0.6471439255823892
-3.045069699999999,-2.959844921447853
-2.640255664285714,-2.582860008321621
-1.5051087,-1.25980601727347
-2.930218473399014,-2.3667656495270015
-1.668295371428571,-1.9513419480437144
-2.138916533333334,-2.1873893232598487
-1.810810521428573,-1.4006627953771609
-0.02678105714285703,-0.19445172536347138
-1.423865085714285,-1.2793946938132033
-1.315248920238096,-1.3724275074877674
-2.020916878571429,-2.0644938262058132
-0.378773128571429,-1.3544575694566214
-0.6810524071428574,-0.7377531425298947
-0.6612452000000003,-0.6800188501202078
-2.062686414285714,-1.8131986283567347
-0.612426342857142,-0.5836417425420505
-0.4124684738095244,-0.45915293040788185
-1.94430179679803,-1.841175300265667
-2.507851785714286,-2.40803836264634
-0.9015623071428577,-1.4568041683552873
-3.159667628571429,-3.157667481618106
-1.349526082539683,-1.387878601241423
-2.740968592857143,-2.7536525823074993
-3.323167264285714,-3.2632223866402765
-2.104867307142857,-2.0129035222824636
-2.574357799999999,-2.404500899403847
-0.6455931285714291,-0.7087722672673061
-2.825538199999999,-2.8490134070663573
-2.501318421428571,-2.6303452449466027
-1.32637145,-1.4120770667006977
-2.58594445,-2.597817182984174
-1.2759635,-1.259278801088174
-0.6691496523809519,-0.7012088136172265
-2.0230348,-1.8301868440169342
-2.009830664285715,-2.0102435794626676
-1.478140221428572,-1.7575341780508846
-2.19909477142857,-2.207967580136144
-1.472134485714286,-1.4415595173220812
-1.980623164285714,-1.9563209126335015
-1.675953542857143,-1.6549433203673585
-0.1916864357142859,-0.1916923815246843
-1.366559557142857,-1.7562612305256926
-1.787663728940887,-1.7519389038863469
-2.429604757142857,-2.564327898532708
-1.566190271428571,-1.5166541225357673
-0.7054194857142859,-0.7848099353245985
-2.013467172222223,-2.0579324230546985
-2.712687621428572,-2.634591812619883
-3.302715442857143,-3.2155118655464974
-2.173615109523809,-2.1435073888229943
-1.018035247619048,-1.0048271614509308
-2.509973747619047,-2.3716287464354178
-1.826089159523811,-1.6857378976385604
-1.830909728571428,-2.1194800430454093
-0.630847864285714,-0.7458033381061857
-3.266811835714286,-3.2070313411799436
-2.254750914285714,-1.9693059084269249
-2.368128795238095,-2.3041550133030335
-1.909737807142857,-1.7712468601896532
-2.289394342857142,-2.2458910343575473
-0.1332934857142856,-0.4719669373333269
-0.8022459571428568,-1.0682727121497737
-2.054868271428572,-1.955460240291052
-2.465165485714285,-2.2594165364178926
-1.33519195,-1.5833094481161338
-0.9981558964285716,-1.278211790748748
-3.334518464285714,-3.241892965468305
-0.7374237476190478,-1.018347419650209
-1.004923402380953,-1.4809977031817652
-0.5080838547619047,-0.505698615801517
-3.131729128571429,-3.006635370595537
-1.573793021428571,-1.385041601462679
-2.912609635714285,-2.4266109282261183
-1.11890443,-1.2208883456981061
-1.747398807142857,-1.5725699097595656
-1.192887142857142,-1.1992098281073869
-1.786081219047619,-1.8970925471612738
-1.503161530952381,-1.4180632171204373
-1.965197585714286,-1.9711553453090582
-0.1023326085714282,-0.1430635530503864
-3.500146100000001,-3.299221990621238
-2.409760485714285,-2.275556808805407
-0.778585914285714,-1.2305011589164114
-0.6692501642857138,-0.7641651825186337
-1.0929543,-1.1380606464327967
-1.510910235714285,-1.6142183272531891
-1.8077492,-1.8566756301884149
-2.575104735714286,-2.6948335524617595
-2.20335500952381,-2.1098131357974332
-1.135720321428571,-1.6164809420288784
-2.697156414285715,-2.54073708729834
-1.529900985714286,-1.3653226217647043
-0.9743450571428574,-0.9435088630801827
-1.314457264285715,-1.1918068658619958
-2.309629621428572,-2.287132290609104
-1.1305767,-1.2092928723664915
-1.5107454,-1.770672495885371
-2.447489814285714,-2.430511315128547
-1.661857592857143,-1.5706100083185583
-2.325793635714285,-2.008846512312471
-1.904952557142857,-2.015628801770335
-1.780459064285714,-1.3469246147577834
-2.733787814285714,-2.5105626015938003
-3.124206371428573,-2.646899481776514
-1.202189735714286,-1.2881961554408536
-2.787306271428572,-2.4713211588858734
-3.102973842857142,-3.1190923202183667
-1.749007771428572,-1.476353763803736
-1.887094182512314,-1.9754212807605231
-0.927358042857143,-1.1148017616550376
-1.053773807142858,-0.9469991969212899
-1.648588307142857,-1.6230110728403762
-1.503070039285715,-1.5370372996358261
-2.097574971428571,-2.094239871495444
-1.915093449999999,-1.944587661013262
-2.614783785714287,-2.447200369200778
-3.007352585714286,-2.8982405504384503
-1.088512907142858,-1.0745217747661944
-0.03748416428571438,-0.34151568952888595
-3.177194257142856,-3.146196075241978
-0.9626325928571424,-1.449918281461853
-2.54382262857143,-2.4577234941996573
-2.008341271428571,-2.0313402450960654
-1.699852814285715,-1.588428246761719
-2.635145378571429,-2.367734133176936
-1.168526228571429,-1.1986068740634899
-0.7742676285714286,-0.8894448953748125
-2.437416414285715,-1.8722236126934713
-3.100333025396825,-3.1334172721784608
-3.027157014285714,-2.8760378447769406
-0.8979197785714287,-1.1359672909365812
-1.778522428571428,-1.6882183835830389
-0.9170076500000002,-1.0984777357191182
-1.591365414285715,-1.747868013266807
-1.170633628571428,-1.2438087725627816
-1.288128164285715,-1.2946588027488306
-2.915371235714285,-2.7744044560614447
-1.205982842857144,-1.029481272244509
-1.567427092857143,-1.5839804363320358
-2.391681371428571,-2.355428034979949
-3.055389657142857,-2.6742887177622867
-1.4723147,-1.5456299318239897
-2.287484378571429,-2.5485454999277937
-2.144345966666667,-2.1518481423774154
-0.2639648657142852,-0.6156856300471122
-3.011784085714285,-2.8927335265909737
-3.270629735714286,-3.0960950034204133
-0.6694144142857142,-0.590288502540669
-1.196086842857143,-1.173842597966952
-0.5595785333333337,-0.7440573826401558
-1.6287667,-1.2509060242343548
-0.4934097928571428,-0.5105674616762045
-1.384339321428571,-1.4834888973639018
-0.4512613428571426,-0.6145779240390252
-1.638241585714285,-1.4913238699366116
-0.7503023190476179,-0.6376343813155265
-1.092550907142857,-1.111989430808145
-2.304046914285714,-2.1281432033011933
-1.155616678571428,-1.1515920413859166
-1.263285557142857,-1.1741811435742955
-0.8240720650000003,-0.9309741888417182
0.1031558357142863,-0.12638982454294098
-0.6096135809523814,-1.0910828657329705
-1.143342401970443,-1.4574650305844183
-0.4726467871428568,-0.37607410385858014
-2.711317564285714,-2.580894711470002
-0.8451933476190467,-0.9348459146112167
-0.6983008285714283,-0.850581131366909
-0.9006565571428575,-1.2325453859986786
-2.614791180952381,-2.3772589537818734
-2.443265571428572,-1.9337946441421836
-2.500930693571429,-2.3270646637318007
-3.095204628571428,-3.069201335154515
-1.175491914285714,-1.687211572525697
-0.1889234500000003,-0.38837566415801456
-1.049380085714285,-1.097355730419117
-0.4054907571428567,-0.7040630413348665
-2.199444449999999,-1.8914473142432289
-2.462955319047619,-2.342220202949291
-2.304182575,-2.33770186924616
-3.360452425000001,-3.2777850426216824
-3.358567800000001,-3.17040442899486
-1.501580328571428,-1.7017805090622014
-0.9617898825396826,-1.1327229644118373
-2.419861709523809,-2.2574029899020944
-1.077227807142857,-1.1321796330243339
-2.091284065079365,-2.0162406814027953
-1.182895842857143,-1.1811210429741448
-1.501054628571428,-1.2943353822743044
-1.012781067857143,-1.007323522211177
-2.9482347,-2.8492498161744977
-1.110970588095238,-1.4549716346176615
-2.679238271428571,-2.1671427662476686
-2.840449735714285,-2.9213239473168473
-2.923906107142858,-2.6665805148765753
-1.123988092857143,-1.0296905339515001
-1.874053630541872,-1.8327577881635035
-1.142957366666667,-1.2663607341379286
-1.958111065079366,-1.8241328106335362
-1.633930389655172,-1.5177691480766267
-1.751180971428571,-1.8393175422384802
-1.883661035714285,-1.7609809689661426
-2.172496657142858,-1.9873680094534016
-0.6780738238095237,-0.8017854557441702
-1.550085657142857,-1.429354160365705
-1.395886842857142,-1.5149031377211313
-1.38959195,-1.4241736236173541
-1.515909854761905,-1.571325520406068
-2.180485571428572,-1.646478764509295
-1.080172223809525,-1.2482654271460123
-2.110625535714285,-2.1607064543990293
-1.565596257142856,-1.4977496771889973
-0.5785477214285716,-0.509011793726901
-1.530481757142858,-1.5823731366996148
-2.748352914285714,-2.8386183893507226
-0.9045095714285719,-1.0398361164207053
-1.499048860714285,-1.2250909615619439
-2.427848585714285,-2.334057010746121
-0.7037678428571417,-0.7735232472128752
-0.4410544142857147,-0.7180499339458803
-2.578949157142856,-2.6699183496433414
-0.7275184714285707,-0.9754009493600971
-2.639963521428572,-2.8159354655439968
-2.624152807142857,-2.7287248182412136
-2.031244407142856,-2.0553430104553145
-1.293731628571429,-1.2173114161010288
-0.1799154228571425,-0.21596370995082367
-2.15794673968254,-2.1442316496746083
-1.412793342857143,-1.4666803309134302
-2.210493778571428,-2.4558098805230646
-1.616195914285715,-1.6573884301856907
-1.215511735714286,-0.7283417596870283
-3.248147492857143,-2.8124958515235603
-0.9505953285714283,-0.9139953537552877
-0.8569242857142864,-1.3970045488530305
-1.677234782512315,-1.6734927720861457
-1.104665128571428,-0.9228623436055656
-3.184626271428571,-3.1158919946997488
-2.191492114285714,-2.2021171856817756
-0.8366172142857147,-1.0227755413224253
-1.589561749999999,-1.5265324912993752
-2.573490985714286,-2.418420307851996
-2.204749092857143,-2.1502359830239826
-1.616436235714286,-1.600667965463925
-0.8167318999999996,-0.9201564903113306
-2.918647878571428,-2.7575879453914585
-0.4984577714285712,-0.7152109015155504
-2.165184395238096,-1.8227502126920465
-0.8627523785714283,-0.8950285608121111
-0.8269194023809529,-1.3721918200302994
-1.428773807142858,-1.8901680432852612
-0.9097935214285714,-0.992241625957106
-0.7306021999999999,-0.6981651817941901
-0.3682666285714283,-0.4842598704648847
-2.547915564285714,-2.773275279919658
-1.464385842857143,-1.541524678695745
-1.170775607142857,-1.1495407132289361
-0.9040284142857143,-1.1347546143409317
-1.96073595,-1.6914965758889127
-1.550496585714286,-1.5358628007190152
-0.9602144047619043,-1.4776645452572408
-2.758840278571429,-2.915591772476183
-2.365064485714285,-1.8929944810625017
-1.269463364285715,-1.2558571196633306
-1.649002775396825,-1.7489616961985763
-2.266429985714285,-2.3134422696224908
-1.804060860714285,-1.6985301523571097
-2.256657557142856,-2.0607109608525573
-0.733059069047619,-0.7238846869383817
-0.7494238785714293,-0.5639503466550361
-1.554611307142858,-1.5524988879389199
-1.289273414285715,-1.626481093337549
-3.342786057142856,-3.21921005426683
-2.088065271428572,-2.0433726168290263
-1.699703271428572,-1.5739722593342007
-1.417927318226601,-1.655714533093427
-2.790190164285714,-2.853051294871674
-1.085277572857143,-1.1509144271606622
-1.627103414285714,-1.575212918703794
-2.63491295,-2.802437435486354
-1.685037628571428,-1.7016705433843298
-1.862396735714285,-1.4028870490095176
-1.930966128571429,-1.9226474968171143
-2.761546592857143,-2.8581344760194383
-1.366919985714286,-1.5164021400560368
-2.461312128571429,-1.8175296314276719
-2.865484378571428,-2.9302988273281128
-2.823839078571428,-2.759657963419201
-2.616546928571429,-2.353616963570717
-0.4815217714285721,-0.8608594010135506
-1.258135842857142,-1.731989712248636
-2.641120642857143,-2.6207296962023876
-3.066254092857143,-3.036290034887283
-2.317055771428571,-1.7811822470919814
-3.04479595,-3.015916332749708
-1.376768223809524,-1.5048455903209572
-1.737435628571429,-1.8453664612901877
-2.690628507142857,-2.5931926647780057
-2.856486378571428,-2.6149711974040475
-3.249212921428572,-3.050909205204706
-2.2355297,-2.267211717479304
-1.4609401,-1.6660808272444634
-0.6986078214285715,-0.6153919516087101
-2.090839871428571,-2.0248866643356385
-2.902247150000001,-2.8860823453056335
-1.993896771428572,-2.0066076045421903
-1.537033419047618,-1.5655206665502073
-0.8770215809523805,-0.7569231552818341
-2.841151164285714,-2.6089263384393866
-1.948789778571429,-2.0540000445172137
-1.618680050000001,-1.4599094815784421
-3.1359162,-2.9758949261357768
-2.596875307142859,-2.761588136538084
-2.696617764285715,-2.614180652067903
-2.077653985714285,-1.7974912251247752
-1.142687687684729,-1.4456249821940372
-2.244159121428571,-2.252909958304614
-1.018317371428571,-1.1593615401823205
-2.837426335714286,-2.744423549513905
-2.304235999999999,-1.9734590389390012
-2.715133128571428,-2.487810708634213
-1.497680311111111,-1.5264184283727404
-1.778784075,-1.5928669250218717
0.1251498000000001,-0.23711943752887332
-2.018776857142857,-1.911325201669624
-0.8422863071428576,-0.9765264994602104
-2.855257021428571,-2.6920495346119955
-2.15042395,-2.1974213041417294
-0.3417546761904759,-0.49060624140060044
-3.031959771428572,-2.951616514032878
-1.859915085714286,-2.1506348714526027
-1.341518521428572,-1.4553413276068123
-0.2632451619047619,-0.3712431150285766
-2.094673414285714,-2.127637189668162
-2.241768860714286,-1.7582078576929934
-1.863295175369458,-1.8269511293365697
-2.107157342857143,-1.8443136762839547
-1.788359878571429,-1.879934164478856
-2.583978557142857,-2.242801883469813
-0.2259885500000003,-0.2784719114381902
-0.5258217404761899,-0.7634282580712625
-2.868544103571427,-2.550310339133145
-2.761071342857143,-2.6734439090160653
-1.667377557142858,-1.5982879070391809
-3.071954264285714,-3.044247512573968
-2.940495121428571,-2.613051072189619
-2.947187428571429,-2.5065570370186805
-3.139338042857144,-3.084556750269282
-1.022976116666667,-1.0334001617688005
-2.494187330541872,-2.349574398668927
-0.4238508428571426,-0.6192455002137631
-2.059625771428572,-2.0190529525210343
-2.700125307142857,-2.7244181305252173
-2.211305414285715,-1.674408433459889
-1.906607164285714,-2.030620683438522
-1.411179853940887,-1.4988636703063498
-1.623722864285714,-1.4560874662263823
-2.155829350714286,-1.6113950218253903
0.02302774857142862,-0.21901147052598466
-2.226238964285715,-2.1864074483508897
-1.466353835714286,-1.378549414943744
-2.762304385714285,-2.7923310868360596
-2.406697896428571,-2.527014818354237
-1.198916592857142,-1.3562479938341025
-1.331539042857143,-1.3657952347945819
-2.988551728571428,-3.0120333716614183
-1.721917200000001,-2.0291549288870576
-1.194540592857142,-1.3554337585487974
-2.86890545,-2.9442993130420922
-1.455046138095238,-1.3600180906107546
-1.269322921428572,-1.2333206909477283
-2.075901485714285,-1.6137495645825788
-2.598075699999999,-2.518708652031886
-2.977527628571428,-2.850203047430172
-2.035853521428572,-1.7792274467072515
-0.5758458666666664,-0.5674035434636876
-3.102926771428571,-3.052128648463321
-1.043794985714286,-1.3065324700182792
-2.814116857142857,-2.424511183834274
-0.5549656142857147,-0.6521629619210234
-1.07108030952381,-1.2458880305053837
-0.4931920571428573,-0.4949074793578797
-2.474000014285714,-2.4935597227064292
-0.4728935380952381,-0.8103826991232345
-1.174063128571429,-1.4251005655104187
-2.38894695,-2.370044181733168
0.1228635778571428,-0.19967267576896358
-1.027090932142856,-1.0725715896699397
-1.588222414285715,-1.5835903747283626
-2.38659789047619,-2.3642592881695577
-0.9024790214285717,-0.9840046916576388
-1.902358386507937,-1.8916338791631087
-2.2299997,-2.1291661482935615
-1.6296397,-1.631096448118258
-2.737976071428572,-2.616569620981296
-2.116465142857142,-1.951794184626234
-1.531721557142856,-1.617394975349833
-2.882272699999999,-2.711914860292432
-0.9171423714285716,-0.774709709915839
-2.952629872222223,-2.8703102932350903
-3.250597592857142,-2.9947529059402025
-1.066907971428572,-1.0362640482698546
-2.627488285714286,-2.714084237931059
-0.8221880571428579,-0.593698529271906
-2.2113337,-1.9193389844419053
-1.398044821428572,-1.4838714398111297
-1.271884414285714,-1.4954883405115487
-1.000327857142857,-1.109110805131004
-2.594676633333334,-2.3193961594853767
-2.262937985714285,-2.220643404180479
-0.8210428571428575,-1.2317124784319267
-3.195488414285713,-3.164811485397187
-1.457546557142856,-1.5051550619875524
-2.096271342857142,-1.8428006615688128
-1.179948964285714,-1.139559653800518
-2.73903745,-2.817490660343016
-1.712012535714285,-1.5901255181582339
-1.189551592857143,-1.1981537852130728
-2.645103864285715,-2.604580993085204
-1.461359185714285,-1.7859647994179784
-2.859704779365079,-2.849389067642131
-0.8831016666666675,-1.0586978328118832
-2.532185628571429,-2.628114321911308
-2.348295642857142,-2.331880010696371
-1.366669935714286,-1.2968638213673465
-2.582844379285714,-2.4494678152129805
-2.780352860714285,-2.3695528049421335
-2.789872207142857,-2.5868910531211875
-2.511393378571429,-2.5757734863567214
-1.015876342857143,-1.4989382025138471
-2.56427947142857,-2.587387982188278
-2.783512960714285,-2.679051300016984
-2.996133042857143,-2.9073881364463117
-2.538324985714286,-2.344616664377536
-2.2900767,-1.9238916866756577
-2.027310778571428,-2.1169460262399853
-1.741576501970443,-1.6832928901518436
-2.959049922222223,-2.9430125756569905
-1.591312521428572,-1.5355512615547733
-1.13411295,-0.9728108063577124
-1.46180925,-1.5470261819193174
-2.4485085,-2.5720536920146313
-3.241192514285714,-3.0015545300073514
-1.862784464285714,-1.790072835515832
-1.208524358571428,-1.361130481964892
-0.9500108785714291,-0.6755117302985092
-2.446905814285715,-2.428088803759382
-1.512189342857143,-1.4788864516532148
-1.939533974603175,-1.961931260346742
-0.9349599499999997,-1.0311742057370796
-2.413710061904762,-2.2594921423543775
-0.8301008507142862,-1.0040148703822214
-2.331525664285715,-2.0161837850914375
-2.714367057142856,-2.5658366399635004
-2.785776228571429,-2.625067438919453
-2.433722828571428,-2.2073468352832877
-1.005668783333334,-0.9097138590056062
-2.173318307142857,-2.229769993923626
-1.605334778571429,-1.8934644737281
-1.722692942857143,-1.5950812904998772
-2.142015735714285,-1.840323216519941
-2.620671878571429,-2.2160704371092095
-0.8208970571428574,-1.459635844532731
-1.661329485714285,-1.7475264456045603
-1.8874369,-1.7819347554093674
-2.615794628571428,-2.6438066265061195
-3.02179055,-3.015833317289135
-0.2900362714285706,-0.3530417269842674
-0.8027487952380952,-1.3561210055083441
-1.573845342857143,-1.573653744196144
-1.1943917,-1.1855558012136198
-1.764988228571428,-2.14829129547242
-1.879656335714285,-1.5821602328628224
-0.6072947071428574,-0.6596636170438351
-2.322918992857142,-2.5395281501941755
-1.987221964285714,-2.3699178211254783
-1.652358485714285,-1.6306738556641456
-1.579115021428571,-1.6213565280577404
-2.011783672222222,-2.1257080537694315
-1.821818414285713,-1.775987658034324
-1.51756595,-1.5071504664832833
0.1661195142857146,-0.11499445106393225
-0.5171422357142857,-0.7130866939867037
-3.33478655,-2.7792372402407923
-1.580765575,-1.5087303470867488
-1.42869993,-1.3270624255060965
0.002443621428571622,-0.07589874925218648
-2.797422678571428,-2.838386330152502
-3.203211935714285,-3.0656886112387496
-1.430723807142857,-1.469115404799371
-2.348929442857142,-2.3811282692224607
-0.8552917976190473,-0.8190260982821673
-1.949183271428572,-1.5920261942764704
-3.023662307142857,-2.6665805148765753
-1.206487428571429,-1.6654112455978431
-2.55918995,-2.532723456351193
-0.948222967857143,-0.9090517037504585
-1.692157771428571,-1.5439030916719276
-2.324358829365079,-2.248442004287478
-3.297210442857142,-3.2180014036555113
-0.466125771428572,-1.2454635169133974
-1.711306307142858,-1.7037054556548699
-0.6484563607142851,-0.7807743593046127
-1.670292707142857,-1.6106737190846003
-1.584914535714285,-1.9287264016251942
-1.304561807142858,-1.6546616673193806
-1.959697021428572,-1.7115481929955663
-2.931241485714285,-2.879731122847099
-1.069616152380952,-1.4268685484480697
-2.962933057142856,-2.9575307252747023
-0.08282082857142825,-0.17899108992177823
-1.801868307142857,-1.9017425911914208
-2.215817085714286,-2.1207573745180808
-1.487177428571429,-1.5966876407948405
-2.83207195,-2.85477849727458
-1.577820565079365,-1.6339462898880184
-1.969626842857143,-1.990788275235624
-2.335190121428572,-2.31331880747522
-1.611760378571429,-1.4098135255063406
-0.859440878571428,-0.8305196299393348
-2.512752264285715,-2.5756195317061605
-1.804262821428571,-2.036693505007254
-2.335671307142857,-2.123776041367011
-1.562331842857143,-1.6502907729837113
-2.243033678571428,-2.2029640001968036
-0.7450652595238095,-0.993177441465062
-1.825696235714286,-1.4694021169123308
-1.401648842857143,-1.4929660736760129
-1.576007192857143,-1.6185162389184404
-3.21278945,-3.127602385676723
-1.348535542857142,-1.2604922286320597
-0.1531367357142856,-0.5306097059719679
-0.4654400750000001,-0.782725266175293
-1.378346895238095,-1.1888610169521194
-1.767782414285715,-1.6084578714388496
-0.1281297000000008,-0.3786241094555811
-2.289942842857142,-2.0572711905524352
-3.098133842857143,-2.9793680651029395
-2.266384721428572,-2.297079789401804
-1.221952692857142,-1.0641115231314622
-1.640197217857143,-1.5880606270128048
-1.8980347,-1.8614181208188907
-2.660500707142856,-2.6097964532278386
-0.4346427285714292,-0.5698157567980018
-0.9479178190476192,-0.99396818122695
-1.723902128571429,-1.8201987519234928
-1.779186121428571,-2.0457184493167873
-3.121235364285714,-2.7908712128108433
-0.9917150452380952,-0.7958053093394822
-1.366407467857143,-1.4786355667848972
-3.066884885714285,-2.6472582065319705
-3.239766653968254,-3.201947963392361
-1.38881045,-1.445917387618149
-2.577834978571429,-2.403720766867778
-1.349524771428571,-1.3380525138396309
-1.951090842857142,-1.8831425208785353
-2.890111221428571,-2.9040133776781323
-1.196678307142858,-1.1217491864207139
-0.8423131071428571,-0.7936111571808236
-0.3256762999999999,-0.5496738676366499
-2.451008271428572,-2.396732078757777
-2.151452485714285,-1.6461261032974097
-0.9691300714285711,-0.9666884526099851
0.05059200642857168,-0.1613445276584075
-2.839101392857143,-2.891334779818188
-2.344314999999999,-2.0832963046505943
-1.049861233333333,-1.196115294124308
-1.060595492857142,-1.473865554769254
-1.7686117,-1.825146774364129
-2.246421514285714,-2.1573599102023464
-2.210752279285714,-2.290177315137979
-1.589777821428571,-1.493676248140357
-2.952549057142857,-2.85014775805477
-0.6411929364285714,-0.8238985805858634
-1.784598242857143,-2.286055191009816
-2.118330104761906,-1.9657315626255947
-1.017736830952381,-1.1381729990290193
-0.4873630142857144,-0.5024460980319496
-2.760055039285714,-2.7750722426886187
-2.2768433,-2.202551527571191
-1.296574857142857,-1.2220606345043958
-3.420561557142857,-2.9802576928793614
-1.420097045238095,-1.5017834506781897
-1.11280685,-1.1220831132839846
-2.992310565079365,-2.8627476047148224
-1.340258221428572,-1.3200042506377714
-0.571179578571429,-0.747212611146451
-0.2455278428571427,-0.3485484088815633
-1.609858557142857,-1.984439336915329
-1.37185795,-1.3439375750970854
-3.220677835714286,-2.791074966125468
-3.115864664285714,-2.9875033133125592
-2.9530837,-2.6664169512875118
-1.178221307142857,-1.1752129272710516
-2.457131835714286,-2.394869137850396
-2.848702342857142,-2.853043848586681
-1.207025664285714,-1.0082307313711376
-2.569650842857143,-2.5193767298277976
-0.8834744142857153,-0.9662692292798354
-2.155018485714286,-2.539972358907245
-2.998740364285715,-2.9897169518491373
-1.430512142857143,-1.4191925929353433
-2.006741521428572,-1.3908648336846925
-1.137836628571428,-0.9467796084691311
-2.033233985714286,-1.5688951318147284
-1.016113314285714,-1.1004635789867183
-1.325991485714286,-0.8790560705237827
-2.385000028571429,-2.5770097781076187
-0.2862595690476186,-0.38021670665034085
-1.822175771428572,-1.6911701838642337
-1.8011934,-1.9186392826443353
-2.457328985714287,-1.8192709715539135
-0.9534119857142856,-1.0760017517398348
-0.5620581928571434,-0.8877589351489138
-0.937604066666667,-0.8447442793747473
-2.686182878571429,-2.720993219380124
-2.1219522,-2.0894868365764694
-2.402889533333333,-2.310919175873314
-0.8096528928571425,-0.8640135356866386
-2.162967676190476,-1.8893010498520681
-0.9371851404761904,-1.01148488162038
-2.918842359113301,-2.386538632043837
-1.389859342857143,-1.5096436510349802
-1.005237964285714,-1.4098729257247022
-2.211351485714286,-1.4208000813675459
-2.1361122,-2.0027355699059273
-0.4783281071428571,-0.8794377710687732
-2.921428307142857,-2.9444117490938684
-0.9867284500000001,-1.1042906855036985
-0.3640529499999999,-0.6658165854672708
-0.9622777499999999,-1.0993998065015131
-0.8312243357142854,-0.8836236094704584
-0.7230331571428569,-0.6226239008516022
-0.5587963285714282,-0.7478241373417785
-0.8916484380952383,-0.8916412932659534
-0.9459691428571436,-1.332154671539847
-1.684908242857142,-1.7092498957232674
-1.083051821428571,-1.1287455064811378
-2.445088128571428,-2.309378121691109
-0.6819008428571435,-0.9428053077558116
-1.220737771428571,-1.0760395010917765
-2.879980485714285,-2.6152485117386775
-1.375468711904761,-1.5333602451666422
-1.805045057142857,-1.5987755809946305
-2.916163842857143,-2.9186231136175196
-1.950198128571428,-1.8172703094396692
-3.568596585714287,-3.1373523168362656
-0.998511285714285,-1.0091594029232114
-2.077018592857144,-1.4628127340412487
-2.333091635714286,-2.54178085932563
-1.567710491666666,-1.4249025448026313
-2.271531285714285,-2.1940787543764886
-0.9629478785714285,-1.1306898200040363
-0.636774966666666,-0.8331337697531268
-1.003055442857143,-1.0738683943201899
-1.917815928571429,-1.580321426488177
-3.190577685714285,-3.207300992696487
-2.947996892857143,-2.8179342192900085
-2.171140799999999,-2.104711644304651
-2.784553168253968,-2.847378440490608
-2.382485128571429,-2.5769765093084995
-1.022395307142858,-1.1374100836653895
-1.3058142,-1.6388889001533395
-1.542337992857143,-1.5265330082125423
-1.937105100000001,-1.9042482276001351
-2.5046252,-2.377675340020455
-1.724504279365079,-1.7047635563717358
-1.582125878571429,-1.5158347719130185
-2.801069735714285,-2.868964091454905
-0.6879759142857144,-0.49978193579783586
-1.259929364285715,-1.1640231243432206
-0.4084468190476187,-0.44367931608028427
-1.542428450000001,-1.1824064625604496
-2.136149021428571,-2.159236269144
-2.936010271428572,-2.4654752091309757
-0.4246023571428579,-0.8504901467150152
-2.747806932142857,-2.6701109423033773
-1.112303598809523,-1.1906606703991858
-1.20624495,-1.2446757322269106
-0.876427914285714,-1.5126357606078846
-0.2891521999999992,-0.6500786411601887
-2.49600835,-2.3961028360340695
-2.653745717857142,-2.6832198403429124
-2.041810914285714,-2.0157138884587047
-2.132897074999999,-2.2637943876111364
-2.380422074999999,-2.3521140563105827
-0.9506450452380955,-1.4732805832624083
-1.297450504761905,-1.245099769031213
-0.5340905071428571,-0.9780594095932316
-1.47923745,-1.3606934366043237
-0.9000361999999994,-0.7570132212599368
-1.678116778571428,-1.7078539110001296
-3.238286614285715,-3.205436428493703
-0.9714928928571425,-1.201839689135985
-1.14968668,-1.1324254620064784
-2.370262136428571,-2.3862133877191027
-1.357206571428571,-1.2362482805427206
-2.521383057142857,-2.3422792457801114
-1.907741021428572,-1.8137843821829507
-3.049774878571429,-3.091705393057205
-2.046949866666667,-2.0367430226403584
-3.0167122,-2.9366639049257905
-1.238183864285715,-1.2365665016655154
-3.028112878571428,-3.101193743913046
-1.710644557142857,-1.735031498558557
-3.043919414285714,-2.6254235105780444
-2.869874464285714,-2.4740903747758813
-0.5639379142857136,-0.5418616411761451
-1.609708753571428,-1.6333749121085532
-2.628905364285714,-2.636154931965732
-2.591029057142857,-2.416554757019913
-1.028040485714286,-1.1386309492105147
-2.317230900000001,-2.3746672347225077
-2.289978164285714,-2.2662831007472235
-1.005866735714286,-1.0932760219553694
-1.892646192857143,-2.159062075764815
-3.259301839682539,-3.1636329757014234
-1.908148028571429,-1.8915363271142134
-1.053626807142857,-1.5810443801284317
-2.316399804761904,-2.212717881457724
-2.813248128571428,-2.6928234389736265
-3.224215764285714,-3.2058642632260455
-2.235373295238095,-2.1101320920495117
-3.29503527142857,-3.023355914140844
-2.043010285714285,-2.4709979924905765
-2.439144057142858,-1.9815230012493674
-1.429120485714286,-1.4364673331685236
-1.559700926190476,-1.605742270527624
-0.9083072000000004,-1.0315442956092764
-1.533316151559935,-1.177396451737321
-0.04810306571428567,-0.14576252272725718
-0.4560841047619049,-0.5714834230577482
-1.664761421428571,-1.3692709848426137
-1.13227093,-1.145073233055948
-1.471400342857143,-1.526655690827723
-2.784469128571428,-2.7640475563897007
-2.581465557142857,-2.477861117198468
-1.590961021428571,-1.5978164078541541
-0.9645303071428566,-0.9649914054183185
-2.934126914285713,-2.8784456850244013
-2.530190307142857,-2.5876588349903193
-1.070171664285715,-1.090550617225393
-1.222742771428571,-1.2209002002859524
-1.469028307142857,-1.3516994431591676
-0.1943951999999999,-0.4523655658800391
-1.1589827,-1.0758833500651015
-2.29200365,-2.183536911940997
-2.187235985714285,-2.1063054036724664
-2.686554192857142,-2.666952937020499
-0.4502653071428568,-0.45489005065027
-1.015716157142857,-1.1915677680223484
-2.937276685714286,-2.2280436113621414
-1.544898657142857,-1.4504844924751465
-2.836631235714285,-2.91012088604018
-1.749362628571429,-1.5952994119133004
-0.4257871285714293,-0.8430056770591846
-0.2036534142857138,-0.48607022622079693
-1.793918246798031,-1.5312158701422964
-2.214428223809524,-2.2802692430592537
-1.260289385714286,-1.2394095502369773
-0.8851298357142855,-0.8507027855438006
-3.230928914285713,-3.164317032155026
-2.279973592857143,-2.1411389734386517
-0.9927437166666664,-1.1589278115947277
-2.673164092857142,-2.5930563481046907
-2.036379807142858,-1.992768623101588
-1.70421775952381,-1.6261480401132062
-0.6571273357142852,-0.7400269818148513
-2.098261271428572,-2.1013187662143826
-0.19596403,-0.4431057128119796
-2.738535057142858,-2.7487372783503026
-1.689644757142858,-1.7025401760864642
-0.7848158404761902,-1.13990037060997
-3.230762514285714,-3.037531018359711
-2.643422128571429,-2.680950423694832
-2.892724392857143,-2.8073000165125825
-3.196026128571428,-3.12756214875505
-1.637233450000001,-1.63245119469538
-1.526674235714286,-1.5886988580271177
-1.166302778571429,-1.291440152205414
-1.288020328571428,-1.2423383320996808
-3.070479396428571,-3.1008807349641154
-2.397672922142857,-2.2728173586352156
-1.630362985714285,-1.5589880899646211
-1.368308042857142,-1.3302435765749532
-0.7042486642857136,-0.8714075399658985
-2.490486966666666,-2.2948464930057346
-2.443281235714286,-2.5068571243136675
-1.483408057142858,-1.4462517307521026
-0.7085445142857145,-0.8153165148839404
-2.611302978571429,-2.6256608563199997
-1.323131152380953,-1.386705849432432
-1.887772878571429,-1.816782737090283
-1.988874735714285,-1.9555081928661837
-1.128971473809524,-1.4492455754771894
-1.0311594,-1.5860979800669086
-3.252956535714286,-3.1222545119954352
-2.826555942857143,-2.715437104684032
-0.7098426523809523,-0.5958295251593623
-1.404199264285714,-1.32305744738127
-2.331535282539682,-2.6109226390820663
-2.831017542857143,-2.6998752088577294
-1.912305378571429,-1.9500920111468223
-3.282791035714285,-3.2154801635172334
-1.702959628571428,-1.6530007740799644
-1.065991752380953,-1.4492265300683123
-1.579519053968253,-1.5093189075657196
-2.004651842857143,-1.7943867254839596
-2.900932207142856,-2.8536992867560187
-0.6236709857142857,-1.302236309733902
-2.758997707142857,-2.5654875414120215
-1.56576775,-1.424621973726308
-3.113474364285714,-3.1324970826648064
-0.6989440857142866,-0.8600860486239862
-0.9418463071428569,-1.101515545293788
-2.027170914285715,-1.8467202154645166
-3.111840657142857,-3.1007509976958225
-3.012266271428572,-2.87580492111187
-1.274886373809524,-1.1651243764203945
-0.2158009904761908,-0.6939107324736082
-1.73800200952381,-1.7887048861766466
-1.299551318226602,-1.5425277242391964
-1.954759049999999,-1.906269863409519
-1.007792104761904,-1.0058075601016643
-0.3421770728571428,-0.5831114540612566
-0.3681868642857142,-0.42673364639455785
-2.708778564285715,-2.626993398529426
-2.281052121428572,-2.2682340130106646
-2.231787985714285,-2.203219842412235
-1.135873507142858,-1.1659676804259
-1.166014021428571,-1.1906051981288874
-0.9774898226190472,-1.1184429763763035
-1.968546878571429,-1.9892586562360381
-2.90071839642857,-2.863090353507414
-2.801834842857143,-2.444789955580902
-3.078390321428571,-3.0955283824317523
-1.737609557142857,-1.8999298835375291
-1.5822422,-1.8154871675940463
-1.183115221428571,-1.2730935505979109
-1.959159392857142,-1.8650590519553853
-1.68506575,-1.692613059275145
-0.9942196857142857,-1.0153416228341905
-1.505096878571428,-1.4133535063467786
-1.701353700000001,-1.695693376733997
-1.116349421428572,-1.2113954821150394
-2.355977289285714,-2.1859191065682197
-1.78709562857143,-1.412126598577805
-1.841308485714285,-1.7298038471392199
-2.809219157142857,-2.6351216150341665
-0.2252159738095248,-0.595018532279701
-1.90447062142857,-1.8464953847319634
-0.8673001047619044,-0.6731868064172436
-0.5431155095238098,-0.7387137193046427
-2.784618753571428,-2.706658510064646
-3.25994605,-3.1211965234576864
-2.072466114285713,-1.911973313523933
-3.321172325,-3.2089525738540683
-1.398631164285714,-1.4270085612575494
-1.562391246798029,-1.4812858268802713
-0.8925642714285716,-0.9023833710427545
-1.515124164285715,-1.8619895190552873
-1.9760377,-1.9074242971444104
-1.101885842857143,-1.3920540873803502
-3.162113649999999,-3.189339812759565
-1.503473542857143,-2.0345854663037124
-2.5436846,-2.4300649501726532
-1.574429121428571,-1.7223278747973938
-3.063948592857142,-3.1250147737005642
-2.963326628571429,-2.960046860733572
-3.041396485714285,-2.970080267976974
-2.500150321428571,-2.5082615678127165
-2.99825312857143,-2.9612010596884883
-0.9822520785714285,-0.9981159217113923
-2.716351432142856,-2.654068408260993
-2.205464264285714,-2.504278330932192
-1.764765328571428,-2.0269629012198993
-1.796157557142857,-1.390155077514278
-1.441051092857143,-1.340111702787709
-2.038511771428572,-2.0561347305059203
-2.6103553,-2.5142917906899998
-1.125828492857143,-1.3175491897256184
-2.3268493,-2.0267699188098143
-0.8034496380952376,-0.759271473633466
-1.016469985714286,-1.4088568976222147
-2.175021492857142,-2.1662007884092915
-0.8484371880952385,-1.3540437010213726
-0.6650088071428577,-0.7670052634298136
-2.404565949999999,-2.294348395048053
-2.403317914285714,-2.31046723534678
-0.5086238785714292,-0.44897516864411074
-0.9318063500000007,-1.339992199963878
-3.171824821428571,-3.083946938653404
-2.602138014285714,-2.109977663962957
-3.133595985714287,-3.0852230697491736
-1.559275533333333,-1.080416949092613
-1.268429,-1.138245589400397
-0.5697804261904764,-0.5383184377883286
-3.289806657142857,-3.0140592184983457
-2.372427985714286,-2.0581144863764584
-2.798664699999999,-2.6417968914614978
0.04269383571428571,-0.4956252672659559
-3.293286128571429,-3.1827747268979785
-1.156925678571428,-1.161668181552269
-0.2140207299999999,-0.29821649073594114
-1.846727464285715,-2.035869085700942
-1.583307128571428,-1.7297045755105933
-0.7413754535714284,-0.734542776401336
-2.590936914285714,-2.2852050716999965
-0.9356860325123156,-1.0086677219281954
-1.118291721428571,-1.161935543916514
-1.431927914285714,-1.2401621373396265
-2.221514592857143,-2.2714954476723195
-0.6962564619047618,-0.8664328874959705
-1.589585025396825,-1.7430538192620972
-1.715383080952381,-1.6802302329542553
-1.541895807142857,-1.9400279374316856
-0.2862465214285714,-0.5841643029225817
-1.142954735714286,-1.5570499080527331
-1.123503194285714,-1.2306944791046315
-0.1288958071428574,-0.33108720474223113
-2.763342607142857,-2.5900062618685253
-3.132292914285713,-2.9865220510594495
-1.792801449999999,-1.9155468279913919
-3.258365978571429,-3.1186284519946224
-0.8025366142857143,-0.9360529918247003
-0.161200985714286,-0.30889518514916064
-2.9028564,-2.7548386949104984
-1.091439652380952,-1.1407183307974764
-1.246410580952382,-1.4382726708487303
-3.334764121428571,-3.2109566703943906
-0.4135600571428567,-0.4786173660351959
-2.933310035714285,-2.883264185339124
-1.587606771428572,-1.725283396960611
-2.772268299999999,-2.256973828286539
-2.201651521428571,-2.108225504006922
-3.116846878571427,-3.090393850831868
-2.127116731746032,-2.2368929765741563
-0.8061289642857139,-0.9979980572565357
-2.139005128571429,-2.1363263893379187
-2.759150221428571,-2.8437703469806968
-2.103828739682539,-2.0320971894844146
-3.230546778571429,-3.123004792819571
-1.892176557142857,-1.4852627483831977
-3.288812342857142,-2.9271827371042725
-2.231341092857142,-2.2685336075671567
-0.7067462952380948,-0.8375732179708127
-0.6820586523809534,-0.7490168597540235
-1.235391199999999,-1.1634496655955227
-2.33029550952381,-2.294791633859372
-1.724969428571429,-1.5626517914438287
-0.809290065,-0.9198830394256492
-2.1822937,-2.1457709340496653
-0.5260372157142855,-0.8182415900256295
-1.274163771428571,-1.7636493965008637
-2.770223928571428,-2.7313387376419573
-1.4009876,-1.5587040359059212
-1.748907807142857,-1.635267656575376
-1.488359878571429,-1.5710258975297635
-1.081681673399015,-1.4540478756845339
-2.96900545,-2.930601340710569
-2.622531485714286,-2.449702070617973
-1.265742199999999,-1.232859703114004
-0.7478901285714288,-0.652581557817664
-2.730347028571428,-2.831844617481205
0.0903943785714288,0.00912322341632672
-0.5590209285714286,-0.7755536676467568
-1.108818259113301,-1.5819074913099962
-1.127752557142857,-1.2860183359676203
-2.001761140476191,-2.0911680069166074
-3.059519207142857,-2.6282819198748593
-0.3494600571428563,-0.5807184366338848
-1.664524271428571,-1.6897408302078982
-1.101584249999999,-1.1926686449817854
-2.158172414285713,-2.078680893759333
-1.382585819047619,-0.8764249715957446
-3.290189953571428,-3.2637769726345907
-1.705524414285714,-1.6942408463941885
-2.792508075,-2.660043196129295
-2.166202485714286,-2.139417887765593
-2.115480521428572,-2.0486656764083997
-0.6500002335714282,-0.8083276683056217
-2.001232109523809,-1.829935229444826
-2.394016557142858,-2.3256057616560546
-2.109821792857143,-2.0494193208183784
-2.684676014285714,-1.9779198534788849
-1.407515180952381,-1.5035542517266662
0.1436005928571425,0.08698838350102016
-0.7594944642857142,-0.9200912821899769
